  9.189372E-02  5.687729E-02  5.283851E-04  3.261571E+14  3.005311E-05  5.434116E-04  8.705709E+00  1.285833E+01  8.444447E-01  8.552212E-01  8.000000E-01
  9.384397E-02  5.843521E-02  5.355726E-04  3.305938E+14  3.129630E-05  5.512208E-04  8.737909E+00  1.290589E+01  8.666087E-01  8.779640E-01  8.200000E-01
  9.579055E-02  6.000938E-02  5.427385E-04  3.350171E+14  3.256940E-05  5.590232E-04  8.769133E+00  1.295200E+01  8.888259E-01  9.007787E-01  8.400000E-01
  9.773374E-02  6.160032E-02  5.498859E-04  3.394290E+14  3.387315E-05  5.668225E-04  8.799418E+00  1.299673E+01  9.110967E-01  9.236659E-01  8.600000E-01
  9.967383E-02  6.320855E-02  5.570177E-04  3.438312E+14  3.520828E-05  5.746218E-04  8.828797E+00  1.304013E+01  9.334212E-01  9.466263E-01  8.800000E-01
  1.016111E-01  6.483460E-02  5.641369E-04  3.482257E+14  3.657559E-05  5.824247E-04  8.857301E+00  1.308223E+01  9.557999E-01  9.696606E-01  9.000000E-01
  1.035458E-01  6.647899E-02  5.712462E-04  3.526140E+14  3.797587E-05  5.902341E-04  8.884959E+00  1.312308E+01  9.782330E-01  9.927694E-01  9.200000E-01
  1.054781E-01  6.814229E-02  5.783483E-04  3.569980E+14  3.940998E-05  5.980533E-04  8.911799E+00  1.316272E+01  1.000721E+00  1.015954E+00  9.400000E-01
  1.074084E-01  6.982507E-02  5.854459E-04  3.613791E+14  4.087880E-05  6.058853E-04  8.937846E+00  1.320119E+01  1.023264E+00  1.039214E+00  9.600000E-01
  1.093369E-01  7.152790E-02  5.925415E-04  3.657591E+14  4.238325E-05  6.137332E-04  8.963124E+00  1.323853E+01  1.045862E+00  1.062551E+00  9.800000E-01
  1.112637E-01  7.325137E-02  5.996377E-04  3.701394E+14  4.392429E-05  6.215999E-04  8.987654E+00  1.327476E+01  1.068517E+00  1.085966E+00  1.000000E+00
  1.131892E-01  7.499611E-02  6.067369E-04  3.745215E+14  4.550291E-05  6.294884E-04  9.011458E+00  1.330992E+01  1.091227E+00  1.109459E+00  1.020000E+00
  1.151136E-01  7.676274E-02  6.138416E-04  3.789070E+14  4.712016E-05  6.374017E-04  9.034555E+00  1.334403E+01  1.113994E+00  1.133032E+00  1.040000E+00
  1.170370E-01  7.855192E-02  6.209541E-04  3.832973E+14  4.877713E-05  6.453426E-04  9.056964E+00  1.337713E+01  1.136818E+00  1.156685E+00  1.060000E+00
  1.189597E-01  8.036431E-02  6.280767E-04  3.876939E+14  5.047495E-05  6.533142E-04  9.078702E+00  1.340924E+01  1.159700E+00  1.180419E+00  1.080000E+00
  1.208820E-01  8.220061E-02  6.352118E-04  3.920983E+14  5.221480E-05  6.613192E-04  9.099785E+00  1.344038E+01  1.182639E+00  1.204235E+00  1.100000E+00
  1.228039E-01  8.406153E-02  6.423618E-04  3.965117E+14  5.399791E-05  6.693608E-04  9.120228E+00  1.347057E+01  1.205636E+00  1.228134E+00  1.120000E+00
  1.247258E-01  8.594781E-02  6.495289E-04  4.009358E+14  5.582558E-05  6.774417E-04  9.140046E+00  1.349984E+01  1.228692E+00  1.252118E+00  1.140000E+00
  1.266479E-01  8.786022E-02  6.567154E-04  4.053718E+14  5.769916E-05  6.855650E-04  9.159252E+00  1.352821E+01  1.251808E+00  1.276186E+00  1.160000E+00
  1.285703E-01  8.979954E-02  6.639236E-04  4.098212E+14  5.962004E-05  6.937337E-04  9.177858E+00  1.355569E+01  1.274982E+00  1.300341E+00  1.180000E+00
  1.304933E-01  9.176661E-02  6.711559E-04  4.142855E+14  6.158970E-05  7.019508E-04  9.195876E+00  1.358230E+01  1.298217E+00  1.324583E+00  1.200000E+00
  1.324170E-01  9.376227E-02  6.784145E-04  4.187660E+14  6.360969E-05  7.102194E-04  9.213317E+00  1.360806E+01  1.321513E+00  1.348914E+00  1.220000E+00
  1.343417E-01  9.578741E-02  6.857018E-04  4.232643E+14  6.568160E-05  7.185426E-04  9.230191E+00  1.363299E+01  1.344869E+00  1.373335E+00  1.240000E+00
  1.362677E-01  9.784294E-02  6.930201E-04  4.277816E+14  6.780713E-05  7.269237E-04  9.246508E+00  1.365709E+01  1.368287E+00  1.397846E+00  1.260000E+00
  1.381949E-01  9.992983E-02  7.003718E-04  4.323196E+14  6.998803E-05  7.353658E-04  9.262278E+00  1.368038E+01  1.391767E+00  1.422449E+00  1.280000E+00
  1.401238E-01  1.020491E-01  7.077593E-04  4.368797E+14  7.222617E-05  7.438724E-04  9.277507E+00  1.370287E+01  1.415310E+00  1.447146E+00  1.300000E+00
  1.420546E-01  1.042017E-01  7.151850E-04  4.414634E+14  7.452348E-05  7.524468E-04  9.292205E+00  1.372458E+01  1.438916E+00  1.471938E+00  1.320000E+00
  1.439873E-01  1.063887E-01  7.226515E-04  4.460723E+14  7.688199E-05  7.610925E-04  9.306377E+00  1.374551E+01  1.462586E+00  1.496826E+00  1.340000E+00
  1.459223E-01  1.086114E-01  7.301612E-04  4.507078E+14  7.930383E-05  7.698132E-04  9.320031E+00  1.376568E+01  1.486320E+00  1.521812E+00  1.360000E+00
  1.478597E-01  1.108708E-01  7.377168E-04  4.553717E+14  8.179126E-05  7.786125E-04  9.333173E+00  1.378509E+01  1.510119E+00  1.546897E+00  1.380000E+00
  1.497998E-01  1.131682E-01  7.453209E-04  4.600654E+14  8.434663E-05  7.874942E-04  9.345808E+00  1.380375E+01  1.533984E+00  1.572083E+00  1.400000E+00
  1.517428E-01  1.155049E-01  7.529762E-04  4.647908E+14  8.697242E-05  7.964624E-04  9.357941E+00  1.382167E+01  1.557915E+00  1.597371E+00  1.420000E+00
  1.536889E-01  1.178821E-01  7.606854E-04  4.695495E+14  8.967123E-05  8.055210E-04  9.369577E+00  1.383886E+01  1.581913E+00  1.622763E+00  1.440000E+00
  1.556384E-01  1.203014E-01  7.684515E-04  4.743433E+14  9.244581E-05  8.146744E-04  9.380720E+00  1.385532E+01  1.605978E+00  1.648261E+00  1.460000E+00
  1.575914E-01  1.227642E-01  7.762774E-04  4.791740E+14  9.529907E-05  8.239269E-04  9.391373E+00  1.387105E+01  1.630112E+00  1.673866E+00  1.480000E+00
  1.595483E-01  1.252720E-01  7.841661E-04  4.840435E+14  9.823404E-05  8.332831E-04  9.401539E+00  1.388607E+01  1.654314E+00  1.699581E+00  1.500000E+00
  1.615093E-01  1.278264E-01  7.921207E-04  4.889537E+14  1.012540E-04  8.427477E-04  9.411222E+00  1.390037E+01  1.678587E+00  1.725408E+00  1.520000E+00
  1.634746E-01  1.304292E-01  8.001446E-04  4.939066E+14  1.043622E-04  8.523257E-04  9.420422E+00  1.391396E+01  1.702930E+00  1.751348E+00  1.540000E+00
  1.654445E-01  1.330821E-01  8.082411E-04  4.989043E+14  1.075624E-04  8.620223E-04  9.429143E+00  1.392684E+01  1.727344E+00  1.777403E+00  1.560000E+00
  1.674193E-01  1.357870E-01  8.164136E-04  5.039490E+14  1.108584E-04  8.718428E-04  9.437384E+00  1.393901E+01  1.751830E+00  1.803576E+00  1.580000E+00
  1.693992E-01  1.385460E-01  8.246659E-04  5.090429E+14  1.142541E-04  8.817930E-04  9.445147E+00  1.395048E+01  1.776390E+00  1.829869E+00  1.600000E+00
  1.713845E-01  1.413610E-01  8.330017E-04  5.141883E+14  1.177540E-04  8.918787E-04  9.452432E+00  1.396124E+01  1.801023E+00  1.856285E+00  1.620000E+00
  1.733755E-01  1.442343E-01  8.414250E-04  5.193878E+14  1.213624E-04  9.021061E-04  9.459238E+00  1.397129E+01  1.825730E+00  1.882825E+00  1.640000E+00
  1.753725E-01  1.471683E-01  8.499398E-04  5.246438E+14  1.250842E-04  9.124819E-04  9.465565E+00  1.398063E+01  1.850513E+00  1.909493E+00  1.660000E+00
  1.773759E-01  1.501653E-01  8.585507E-04  5.299590E+14  1.289246E-04  9.230129E-04  9.471412E+00  1.398927E+01  1.875373E+00  1.936291E+00  1.680000E+00
  1.793872E-01  1.518259E-01  8.756125E-04  5.404908E+14  1.329406E-04  9.439625E-04  9.476706E+00  1.399709E+01  1.900310E+00  1.963227E+00  1.700000E+00
  1.814148E-01  1.530557E-01  8.970639E-04  5.537321E+14  1.373007E-04  9.703981E-04  9.481035E+00  1.400348E+01  1.925325E+00  1.990331E+00  1.720000E+00
  1.834663E-01  1.543704E-01  9.203800E-04  5.681245E+14  1.420794E-04  9.992505E-04  9.484030E+00  1.400791E+01  1.950421E+00  2.017635E+00  1.740000E+00
  1.855495E-01  1.557853E-01  9.459196E-04  5.838894E+14  1.473603E-04  1.030994E-03  9.485338E+00  1.400984E+01  1.975599E+00  2.045171E+00  1.760000E+00
  1.876735E-01  1.573195E-01  9.741438E-04  6.013114E+14  1.532518E-04  1.066240E-03  9.484558E+00  1.400869E+01  2.000861E+00  2.072978E+00  1.780000E+00
  1.898495E-01  1.589986E-01  1.005669E-03  6.207710E+14  1.598999E-04  1.105812E-03  9.481193E+00  1.400372E+01  2.026211E+00  2.101105E+00  1.800000E+00
  1.920928E-01  1.608573E-01  1.041353E-03  6.427978E+14  1.675093E-04  1.150856E-03  9.474587E+00  1.399396E+01  2.051650E+00  2.129619E+00  1.820000E+00
  1.944247E-01  1.629461E-01  1.082450E-03  6.681658E+14  1.763811E-04  1.203058E-03  9.463820E+00  1.397806E+01  2.077185E+00  2.158612E+00  1.840000E+00
  1.968773E-01  1.653426E-01  1.130916E-03  6.980824E+14  1.869886E-04  1.265054E-03  9.447509E+00  1.395396E+01  2.102819E+00  2.188226E+00  1.860000E+00
  1.995043E-01  1.681778E-01  1.190097E-03  7.346128E+14  2.001478E-04  1.341377E-03  9.423357E+00  1.391829E+01  2.128561E+00  2.218697E+00  1.880000E+00
  2.024086E-01  1.717075E-01  1.266614E-03  7.818446E+14  2.174870E-04  1.441033E-03  9.386952E+00  1.386452E+01  2.154421E+00  2.250474E+00  1.900000E+00
  2.058510E-01  1.765877E-01  1.377712E-03  8.504223E+14  2.432870E-04  1.587601E-03  9.327136E+00  1.377617E+01  2.180417E+00  2.284691E+00  1.920000E+00
  2.116999E-01  1.876044E-01  1.651986E-03  1.019724E+15  3.099199E-04  1.958259E-03  9.163917E+00  1.353510E+01  2.206599E+00  2.329428E+00  1.940000E+00
