  9.611269E-02  6.027177E-02  6.044160E-04  3.730888E+14  3.642922E-05  6.226306E-04  8.323563E+00  1.229390E+01  8.466715E-01  8.581060E-01  8.000000E-01
  9.816044E-02  6.195232E-02  6.127845E-04  3.782545E+14  3.796342E-05  6.317662E-04  8.353671E+00  1.233837E+01  8.689526E-01  8.810073E-01  8.200000E-01
  1.002048E-01  6.365221E-02  6.211346E-04  3.834087E+14  3.953659E-05  6.409028E-04  8.382831E+00  1.238144E+01  8.912905E-01  9.039859E-01  8.400000E-01
  1.022461E-01  6.537205E-02  6.294700E-04  3.885540E+14  4.114974E-05  6.500448E-04  8.411078E+00  1.242316E+01  9.136856E-01  9.270425E-01  8.600000E-01
  1.042846E-01  6.711249E-02  6.377943E-04  3.936923E+14  4.280397E-05  6.591963E-04  8.438443E+00  1.246358E+01  9.361381E-01  9.501780E-01  8.800000E-01
  1.063207E-01  6.887418E-02  6.461111E-04  3.988260E+14  4.450037E-05  6.683612E-04  8.464956E+00  1.250273E+01  9.586485E-01  9.733933E-01  9.000000E-01
  1.083546E-01  7.065778E-02  6.544236E-04  4.039571E+14  4.624012E-05  6.775437E-04  8.490643E+00  1.254068E+01  9.812172E-01  9.966890E-01  9.200000E-01
  1.103865E-01  7.246399E-02  6.627353E-04  4.090877E+14  4.802445E-05  6.867475E-04  8.515531E+00  1.257743E+01  1.003844E+00  1.020066E+00  9.400000E-01
  1.124169E-01  7.429352E-02  6.710493E-04  4.142197E+14  4.985461E-05  6.959766E-04  8.539644E+00  1.261305E+01  1.026531E+00  1.043526E+00  9.600000E-01
  1.144458E-01  7.614709E-02  6.793688E-04  4.193551E+14  5.173196E-05  7.052348E-04  8.563003E+00  1.264755E+01  1.049277E+00  1.067069E+00  9.800000E-01
  1.164737E-01  7.802546E-02  6.876970E-04  4.244958E+14  5.365787E-05  7.145259E-04  8.585631E+00  1.268097E+01  1.072082E+00  1.090696E+00  1.000000E+00
  1.185007E-01  7.992940E-02  6.960369E-04  4.296438E+14  5.563381E-05  7.238538E-04  8.607546E+00  1.271334E+01  1.094949E+00  1.114408E+00  1.020000E+00
  1.205271E-01  8.185972E-02  7.043915E-04  4.348009E+14  5.766129E-05  7.332221E-04  8.628766E+00  1.274468E+01  1.117876E+00  1.138207E+00  1.040000E+00
  1.225531E-01  8.381726E-02  7.127639E-04  4.399689E+14  5.974192E-05  7.426348E-04  8.649309E+00  1.277502E+01  1.140864E+00  1.162093E+00  1.060000E+00
  1.245791E-01  8.580287E-02  7.211571E-04  4.451498E+14  6.187735E-05  7.520957E-04  8.669191E+00  1.280439E+01  1.163914E+00  1.186068E+00  1.080000E+00
  1.266052E-01  8.781745E-02  7.295740E-04  4.503453E+14  6.406933E-05  7.616087E-04  8.688426E+00  1.283280E+01  1.187026E+00  1.210132E+00  1.100000E+00
  1.286317E-01  8.986191E-02  7.380177E-04  4.555574E+14  6.631969E-05  7.711776E-04  8.707030E+00  1.286028E+01  1.210201E+00  1.234288E+00  1.120000E+00
  1.306588E-01  9.193724E-02  7.464912E-04  4.607878E+14  6.863034E-05  7.808064E-04  8.725013E+00  1.288684E+01  1.233440E+00  1.258535E+00  1.140000E+00
  1.326868E-01  9.404442E-02  7.549974E-04  4.660385E+14  7.100330E-05  7.904991E-04  8.742390E+00  1.291250E+01  1.256742E+00  1.282876E+00  1.160000E+00
  1.347160E-01  9.618450E-02  7.635395E-04  4.713113E+14  7.344066E-05  8.002598E-04  8.759170E+00  1.293729E+01  1.280109E+00  1.307311E+00  1.180000E+00
  1.367464E-01  9.835856E-02  7.721204E-04  4.766080E+14  7.594465E-05  8.100927E-04  8.775366E+00  1.296121E+01  1.303540E+00  1.331843E+00  1.200000E+00
  1.387785E-01  1.005677E-01  7.807433E-04  4.819307E+14  7.851758E-05  8.200021E-04  8.790986E+00  1.298428E+01  1.327038E+00  1.356472E+00  1.220000E+00
  1.408125E-01  1.028132E-01  7.894113E-04  4.872812E+14  8.116189E-05  8.299923E-04  8.806039E+00  1.300651E+01  1.350601E+00  1.381200E+00  1.240000E+00
  1.428485E-01  1.050961E-01  7.981276E-04  4.926616E+14  8.388014E-05  8.400677E-04  8.820534E+00  1.302792E+01  1.374232E+00  1.406029E+00  1.260000E+00
  1.448869E-01  1.074179E-01  8.068955E-04  4.980737E+14  8.667504E-05  8.502331E-04  8.834478E+00  1.304852E+01  1.397929E+00  1.430959E+00  1.280000E+00
  1.469279E-01  1.097798E-01  8.157183E-04  5.035198E+14  8.954942E-05  8.604931E-04  8.847880E+00  1.306831E+01  1.421695E+00  1.455994E+00  1.300000E+00
  1.489717E-01  1.121833E-01  8.245994E-04  5.090018E+14  9.250627E-05  8.708526E-04  8.860744E+00  1.308731E+01  1.445530E+00  1.481134E+00  1.320000E+00
  1.510186E-01  1.146298E-01  8.335423E-04  5.145220E+14  9.554875E-05  8.813167E-04  8.873077E+00  1.310553E+01  1.469435E+00  1.506381E+00  1.340000E+00
  1.530690E-01  1.171208E-01  8.425505E-04  5.200826E+14  9.868019E-05  8.918906E-04  8.884885E+00  1.312297E+01  1.493409E+00  1.531737E+00  1.360000E+00
  1.551229E-01  1.196580E-01  8.516278E-04  5.256857E+14  1.019041E-04  9.025799E-04  8.896171E+00  1.313964E+01  1.517455E+00  1.557204E+00  1.380000E+00
  1.571808E-01  1.222431E-01  8.607780E-04  5.313338E+14  1.052242E-04  9.133901E-04  8.906940E+00  1.315554E+01  1.541573E+00  1.582784E+00  1.400000E+00
  1.592429E-01  1.248779E-01  8.700049E-04  5.370293E+14  1.086444E-04  9.243271E-04  8.917195E+00  1.317069E+01  1.565763E+00  1.608478E+00  1.420000E+00
  1.613095E-01  1.275642E-01  8.793127E-04  5.427748E+14  1.121688E-04  9.353971E-04  8.926940E+00  1.318508E+01  1.590026E+00  1.634290E+00  1.440000E+00
  1.633808E-01  1.303040E-01  8.887055E-04  5.485727E+14  1.158019E-04  9.466064E-04  8.936176E+00  1.319873E+01  1.614364E+00  1.660222E+00  1.460000E+00
  1.654573E-01  1.330995E-01  8.981877E-04  5.544258E+14  1.195483E-04  9.579619E-04  8.944906E+00  1.321162E+01  1.638777E+00  1.686275E+00  1.480000E+00
  1.675391E-01  1.359527E-01  9.077639E-04  5.603369E+14  1.234130E-04  9.694704E-04  8.953132E+00  1.322377E+01  1.663265E+00  1.712452E+00  1.500000E+00
  1.696267E-01  1.388661E-01  9.174389E-04  5.663090E+14  1.274012E-04  9.811395E-04  8.960853E+00  1.323517E+01  1.687831E+00  1.738755E+00  1.520000E+00
  1.717203E-01  1.418422E-01  9.272175E-04  5.723451E+14  1.315185E-04  9.929768E-04  8.968069E+00  1.324583E+01  1.712474E+00  1.765188E+00  1.540000E+00
  1.738204E-01  1.448834E-01  9.371050E-04  5.784483E+14  1.357709E-04  1.004990E-03  8.974782E+00  1.325575E+01  1.737197E+00  1.791754E+00  1.560000E+00
  1.759272E-01  1.479926E-01  9.471068E-04  5.846221E+14  1.401648E-04  1.017189E-03  8.980989E+00  1.326492E+01  1.761999E+00  1.818454E+00  1.580000E+00
  1.780411E-01  1.511727E-01  9.572286E-04  5.908700E+14  1.447068E-04  1.029582E-03  8.986689E+00  1.327333E+01  1.786882E+00  1.845292E+00  1.600000E+00
  1.801626E-01  1.544268E-01  9.674763E-04  5.971957E+14  1.494043E-04  1.042179E-03  8.991880E+00  1.328100E+01  1.811847E+00  1.872271E+00  1.620000E+00
  1.822919E-01  1.577583E-01  9.778564E-04  6.036030E+14  1.542650E-04  1.054989E-03  8.996559E+00  1.328791E+01  1.836895E+00  1.899395E+00  1.640000E+00
  1.844296E-01  1.611707E-01  9.883755E-04  6.100961E+14  1.592971E-04  1.068024E-03  9.000722E+00  1.329406E+01  1.862027E+00  1.926668E+00  1.660000E+00
  1.865762E-01  1.646677E-01  9.990405E-04  6.166794E+14  1.645097E-04  1.081295E-03  9.004366E+00  1.329944E+01  1.887245E+00  1.954092E+00  1.680000E+00
  1.887319E-01  1.682533E-01  1.009859E-03  6.233574E+14  1.699121E-04  1.094815E-03  9.007484E+00  1.330405E+01  1.912549E+00  1.981671E+00  1.700000E+00
  1.908975E-01  1.719319E-01  1.020839E-03  6.301349E+14  1.755148E-04  1.108596E-03  9.010073E+00  1.330787E+01  1.937942E+00  2.009411E+00  1.720000E+00
  1.930732E-01  1.757082E-01  1.031989E-03  6.370173E+14  1.813288E-04  1.122653E-03  9.012125E+00  1.331090E+01  1.963424E+00  2.037315E+00  1.740000E+00
  1.952598E-01  1.795869E-01  1.043317E-03  6.440100E+14  1.873661E-04  1.137000E-03  9.013632E+00  1.331313E+01  1.988996E+00  2.065387E+00  1.760000E+00
  1.974578E-01  1.835736E-01  1.054834E-03  6.511190E+14  1.936396E-04  1.151654E-03  9.014586E+00  1.331454E+01  2.014661E+00  2.093634E+00  1.780000E+00
  1.996677E-01  1.876739E-01  1.066549E-03  6.583505E+14  2.001634E-04  1.166631E-03  9.014979E+00  1.331512E+01  2.040419E+00  2.122059E+00  1.800000E+00
  2.018903E-01  1.918940E-01  1.078474E-03  6.657113E+14  2.069526E-04  1.181950E-03  9.014798E+00  1.331485E+01  2.066272E+00  2.150669E+00  1.820000E+00
  2.041261E-01  1.962406E-01  1.090620E-03  6.732087E+14  2.140239E-04  1.197632E-03  9.014034E+00  1.331372E+01  2.092223E+00  2.179469E+00  1.840000E+00
  2.063761E-01  2.007210E-01  1.103000E-03  6.808504E+14  2.213952E-04  1.213697E-03  9.012673E+00  1.331171E+01  2.118272E+00  2.208465E+00  1.860000E+00
  2.086408E-01  2.053432E-01  1.115627E-03  6.886450E+14  2.290864E-04  1.230170E-03  9.010700E+00  1.330880E+01  2.144421E+00  2.237665E+00  1.880000E+00
  2.109213E-01  2.101156E-01  1.128517E-03  6.966015E+14  2.371190E-04  1.247077E-03  9.008101E+00  1.330496E+01  2.170672E+00  2.267076E+00  1.900000E+00
  2.132183E-01  2.150477E-01  1.141685E-03  7.047299E+14  2.455168E-04  1.264444E-03  9.004856E+00  1.330017E+01  2.197028E+00  2.296704E+00  1.920000E+00
  2.155329E-01  2.201498E-01  1.155149E-03  7.130409E+14  2.543059E-04  1.282302E-03  9.000948E+00  1.329440E+01  2.223489E+00  2.326559E+00  1.940000E+00
  2.178660E-01  2.254332E-01  1.168928E-03  7.215463E+14  2.635153E-04  1.300686E-03  8.996354E+00  1.328761E+01  2.250059E+00  2.356649E+00  1.960000E+00
  2.202190E-01  2.309102E-01  1.183043E-03  7.302589E+14  2.731767E-04  1.319631E-03  8.991052E+00  1.327978E+01  2.276740E+00  2.386984E+00  1.980000E+00
  2.225929E-01  2.365947E-01  1.197516E-03  7.391929E+14  2.833260E-04  1.339179E-03  8.985014E+00  1.327086E+01  2.303533E+00  2.417574E+00  2.000000E+00
