  1.064291E-01  6.819775E-02  7.290231E-04  4.500053E+14  4.971773E-05  7.489102E-04  7.516738E+00  1.110222E+01  8.534616E-01  8.636434E-01  8.000000E-01
  1.085871E-01  7.004834E-02  7.368726E-04  4.548505E+14  5.161670E-05  7.575193E-04  7.551541E+00  1.115362E+01  8.760352E-01  8.867624E-01  8.200000E-01
  1.107386E-01  7.191880E-02  7.446809E-04  4.596704E+14  5.355656E-05  7.661036E-04  7.585428E+00  1.120367E+01  8.986710E-01  9.099611E-01  8.400000E-01
  1.128841E-01  7.380979E-02  7.524521E-04  4.644673E+14  5.553833E-05  7.746674E-04  7.618433E+00  1.125242E+01  9.213693E-01  9.332404E-01  8.600000E-01
  1.150238E-01  7.572197E-02  7.601898E-04  4.692436E+14  5.756307E-05  7.832150E-04  7.650588E+00  1.129991E+01  9.441306E-01  9.566010E-01  8.800000E-01
  1.171582E-01  7.765601E-02  7.678976E-04  4.740014E+14  5.963187E-05  7.917503E-04  7.681921E+00  1.134619E+01  9.669551E-01  9.800436E-01  9.000000E-01
  1.192875E-01  7.961261E-02  7.755790E-04  4.787429E+14  6.174587E-05  8.002773E-04  7.712461E+00  1.139130E+01  9.898432E-01  1.003569E+00  9.200000E-01
  1.214120E-01  8.159247E-02  7.832372E-04  4.834701E+14  6.390626E-05  8.087997E-04  7.742234E+00  1.143528E+01  1.012795E+00  1.027178E+00  9.400000E-01
  1.235321E-01  8.359632E-02  7.908755E-04  4.881850E+14  6.611428E-05  8.173212E-04  7.771262E+00  1.147815E+01  1.035812E+00  1.050871E+00  9.600000E-01
  1.256480E-01  8.562489E-02  7.984970E-04  4.928895E+14  6.837122E-05  8.258455E-04  7.799570E+00  1.151996E+01  1.058893E+00  1.074649E+00  9.800000E-01
  1.277600E-01  8.767896E-02  8.061046E-04  4.975855E+14  7.067841E-05  8.343760E-04  7.827177E+00  1.156074E+01  1.082040E+00  1.098514E+00  1.000000E+00
  1.298684E-01  8.975931E-02  8.137014E-04  5.022748E+14  7.303727E-05  8.429163E-04  7.854105E+00  1.160051E+01  1.105253E+00  1.122465E+00  1.020000E+00
  1.319735E-01  9.186674E-02  8.212901E-04  5.069591E+14  7.544924E-05  8.514698E-04  7.880371E+00  1.163930E+01  1.128531E+00  1.146504E+00  1.040000E+00
  1.340755E-01  9.400210E-02  8.288736E-04  5.116401E+14  7.791585E-05  8.600399E-04  7.905994E+00  1.167715E+01  1.151876E+00  1.170632E+00  1.060000E+00
  1.361747E-01  9.616624E-02  8.364545E-04  5.163196E+14  8.043868E-05  8.686300E-04  7.930989E+00  1.171407E+01  1.175288E+00  1.194850E+00  1.080000E+00
  1.382713E-01  9.836005E-02  8.440356E-04  5.209992E+14  8.301939E-05  8.772434E-04  7.955372E+00  1.175008E+01  1.198768E+00  1.219159E+00  1.100000E+00
  1.403657E-01  1.005845E-01  8.516195E-04  5.256806E+14  8.565969E-05  8.858834E-04  7.979159E+00  1.178521E+01  1.222316E+00  1.243560E+00  1.120000E+00
  1.424579E-01  1.028404E-01  8.592089E-04  5.303653E+14  8.836140E-05  8.945535E-04  8.002362E+00  1.181948E+01  1.245933E+00  1.268054E+00  1.140000E+00
  1.445484E-01  1.051289E-01  8.668064E-04  5.350550E+14  9.112638E-05  9.032569E-04  8.024995E+00  1.185291E+01  1.269619E+00  1.292642E+00  1.160000E+00
  1.466372E-01  1.074509E-01  8.744144E-04  5.397512E+14  9.395662E-05  9.119970E-04  8.047070E+00  1.188552E+01  1.293374E+00  1.317325E+00  1.180000E+00
  1.487247E-01  1.098075E-01  8.820356E-04  5.444556E+14  9.685416E-05  9.207773E-04  8.068597E+00  1.191731E+01  1.317200E+00  1.342104E+00  1.200000E+00
  1.508111E-01  1.121999E-01  8.896726E-04  5.491696E+14  9.982115E-05  9.296010E-04  8.089589E+00  1.194832E+01  1.341097E+00  1.366982E+00  1.220000E+00
  1.528966E-01  1.146291E-01  8.973278E-04  5.538950E+14  1.028598E-04  9.384718E-04  8.110055E+00  1.197855E+01  1.365065E+00  1.391958E+00  1.240000E+00
  1.549815E-01  1.170963E-01  9.050040E-04  5.586333E+14  1.059726E-04  9.473930E-04  8.130005E+00  1.200801E+01  1.389105E+00  1.417035E+00  1.260000E+00
  1.570659E-01  1.196027E-01  9.127035E-04  5.633860E+14  1.091618E-04  9.563683E-04  8.149446E+00  1.203673E+01  1.413218E+00  1.442213E+00  1.280000E+00
  1.591501E-01  1.221498E-01  9.204291E-04  5.681548E+14  1.124302E-04  9.654012E-04  8.168389E+00  1.206471E+01  1.437405E+00  1.467495E+00  1.300000E+00
  1.612344E-01  1.247387E-01  9.281834E-04  5.729413E+14  1.157804E-04  9.744955E-04  8.186840E+00  1.209196E+01  1.461665E+00  1.492881E+00  1.320000E+00
  1.633189E-01  1.273709E-01  9.359689E-04  5.777471E+14  1.192152E-04  9.836550E-04  8.204806E+00  1.211849E+01  1.486000E+00  1.518373E+00  1.340000E+00
  1.654039E-01  1.300479E-01  9.437884E-04  5.825738E+14  1.227377E-04  9.928835E-04  8.222295E+00  1.214433E+01  1.510411E+00  1.543973E+00  1.360000E+00
  1.674897E-01  1.327712E-01  9.516446E-04  5.874232E+14  1.263510E-04  1.002185E-03  8.239312E+00  1.216946E+01  1.534898E+00  1.569682E+00  1.380000E+00
  1.695764E-01  1.355423E-01  9.595404E-04  5.922970E+14  1.300583E-04  1.011564E-03  8.255864E+00  1.219391E+01  1.559462E+00  1.595502E+00  1.400000E+00
  1.716644E-01  1.383630E-01  9.674784E-04  5.971970E+14  1.338632E-04  1.021024E-03  8.271955E+00  1.221767E+01  1.584103E+00  1.621435E+00  1.420000E+00
  1.737538E-01  1.412350E-01  9.754616E-04  6.021248E+14  1.377693E-04  1.030569E-03  8.287591E+00  1.224077E+01  1.608823E+00  1.647483E+00  1.440000E+00
  1.758448E-01  1.441601E-01  9.834929E-04  6.070823E+14  1.417804E-04  1.040205E-03  8.302775E+00  1.226319E+01  1.633622E+00  1.673647E+00  1.460000E+00
  1.779378E-01  1.471402E-01  9.915755E-04  6.120714E+14  1.459006E-04  1.049936E-03  8.317511E+00  1.228496E+01  1.658502E+00  1.699929E+00  1.480000E+00
  1.800330E-01  1.501774E-01  9.997124E-04  6.170941E+14  1.501342E-04  1.059766E-03  8.331804E+00  1.230607E+01  1.683462E+00  1.726332E+00  1.500000E+00
  1.821307E-01  1.532737E-01  1.007907E-03  6.221523E+14  1.544856E-04  1.069701E-03  8.345657E+00  1.232653E+01  1.708505E+00  1.752857E+00  1.520000E+00
  1.842310E-01  1.564315E-01  1.016162E-03  6.272480E+14  1.589597E-04  1.079746E-03  8.359071E+00  1.234634E+01  1.733630E+00  1.779507E+00  1.540000E+00
  1.863343E-01  1.596530E-01  1.024481E-03  6.323834E+14  1.635616E-04  1.089906E-03  8.372049E+00  1.236551E+01  1.758839E+00  1.806284E+00  1.560000E+00
  1.884409E-01  1.629408E-01  1.032869E-03  6.375606E+14  1.682964E-04  1.100187E-03  8.384593E+00  1.238404E+01  1.784133E+00  1.833191E+00  1.580000E+00
  1.905509E-01  1.662973E-01  1.041328E-03  6.427820E+14  1.731700E-04  1.110596E-03  8.396705E+00  1.240193E+01  1.809512E+00  1.860229E+00  1.600000E+00
  1.926648E-01  1.697255E-01  1.049862E-03  6.480498E+14  1.781883E-04  1.121137E-03  8.408384E+00  1.241918E+01  1.834978E+00  1.887401E+00  1.620000E+00
  1.947828E-01  1.732281E-01  1.058475E-03  6.533667E+14  1.833577E-04  1.131818E-03  8.419633E+00  1.243579E+01  1.860532E+00  1.914711E+00  1.640000E+00
  1.969052E-01  1.768084E-01  1.067172E-03  6.587350E+14  1.886849E-04  1.142646E-03  8.430451E+00  1.245177E+01  1.886175E+00  1.942161E+00  1.660000E+00
  1.990324E-01  1.804694E-01  1.075957E-03  6.641574E+14  1.941773E-04  1.153627E-03  8.440837E+00  1.246711E+01  1.911908E+00  1.969753E+00  1.680000E+00
  2.011646E-01  1.842148E-01  1.084833E-03  6.696369E+14  1.998424E-04  1.164770E-03  8.450791E+00  1.248181E+01  1.937732E+00  1.997491E+00  1.700000E+00
  2.033022E-01  1.880481E-01  1.093807E-03  6.751763E+14  2.056884E-04  1.176083E-03  8.460312E+00  1.249588E+01  1.963649E+00  2.025379E+00  1.720000E+00
  2.054456E-01  1.919733E-01  1.102883E-03  6.807786E+14  2.117242E-04  1.187573E-03  8.469397E+00  1.250929E+01  1.989659E+00  2.053419E+00  1.740000E+00
  2.075950E-01  1.959945E-01  1.112067E-03  6.864472E+14  2.179590E-04  1.199250E-03  8.478045E+00  1.252207E+01  2.015764E+00  2.081614E+00  1.760000E+00
  2.097510E-01  2.001162E-01  1.121363E-03  6.921854E+14  2.244028E-04  1.211124E-03  8.486252E+00  1.253419E+01  2.041966E+00  2.109970E+00  1.780000E+00
  2.119139E-01  2.043430E-01  1.130778E-03  6.979969E+14  2.310665E-04  1.223204E-03  8.494016E+00  1.254566E+01  2.068265E+00  2.138489E+00  1.800000E+00
  2.140841E-01  2.086801E-01  1.140317E-03  7.038854E+14  2.379614E-04  1.235502E-03  8.501332E+00  1.255646E+01  2.094663E+00  2.167176E+00  1.820000E+00
  2.162621E-01  2.131327E-01  1.149988E-03  7.098550E+14  2.451001E-04  1.248028E-03  8.508196E+00  1.256660E+01  2.121161E+00  2.196035E+00  1.840000E+00
  2.184482E-01  2.177068E-01  1.159797E-03  7.159100E+14  2.524958E-04  1.260796E-03  8.514603E+00  1.257606E+01  2.147762E+00  2.225071E+00  1.860000E+00
  2.206431E-01  2.224086E-01  1.169752E-03  7.220549E+14  2.601629E-04  1.273817E-03  8.520546E+00  1.258484E+01  2.174467E+00  2.254288E+00  1.880000E+00
  2.228473E-01  2.272446E-01  1.179861E-03  7.282945E+14  2.681170E-04  1.287107E-03  8.526019E+00  1.259293E+01  2.201277E+00  2.283692E+00  1.900000E+00
  2.250611E-01  2.322222E-01  1.190131E-03  7.346341E+14  2.763749E-04  1.300681E-03  8.531015E+00  1.260030E+01  2.228193E+00  2.313288E+00  1.920000E+00
  2.272854E-01  2.373492E-01  1.200572E-03  7.410793E+14  2.849548E-04  1.314554E-03  8.535525E+00  1.260697E+01  2.255219E+00  2.343081E+00  1.940000E+00
  2.295216E-01  2.406930E-01  1.221270E-03  7.538555E+14  2.939512E-04  1.342223E-03  8.539501E+00  1.261284E+01  2.282356E+00  2.373083E+00  1.960000E+00
  2.317816E-01  2.426874E-01  1.251882E-03  7.727511E+14  3.038160E-04  1.383357E-03  8.542524E+00  1.261730E+01  2.309605E+00  2.403352E+00  1.980000E+00
  2.340792E-01  2.448559E-01  1.285740E-03  7.936506E+14  3.148209E-04  1.429134E-03  8.544117E+00  1.261966E+01  2.336970E+00  2.433957E+00  2.000000E+00
