  1.001544E-01  6.361002E-02  6.837695E-04  4.220715E+14  4.349459E-05  7.055168E-04  7.987668E+00  1.179778E+01  8.488212E-01  8.609038E-01  8.000000E-01
  1.022965E-01  6.541479E-02  6.934018E-04  4.280173E+14  4.535874E-05  7.160812E-04  8.015915E+00  1.183950E+01  8.712162E-01  8.839605E-01  8.200000E-01
  1.044356E-01  6.724227E-02  7.030208E-04  4.339548E+14  4.727271E-05  7.266572E-04  8.043237E+00  1.187986E+01  8.936716E-01  9.070999E-01  8.400000E-01
  1.065719E-01  6.909320E-02  7.126309E-04  4.398868E+14  4.923795E-05  7.372499E-04  8.069667E+00  1.191889E+01  9.161878E-01  9.303230E-01  8.600000E-01
  1.087059E-01  7.096835E-02  7.222364E-04  4.458160E+14  5.125593E-05  7.478643E-04  8.095235E+00  1.195666E+01  9.387651E-01  9.536308E-01  8.800000E-01
  1.108379E-01  7.286854E-02  7.318415E-04  4.517450E+14  5.332822E-05  7.585056E-04  8.119968E+00  1.199319E+01  9.614041E-01  9.770242E-01  9.000000E-01
  1.129681E-01  7.479457E-02  7.414503E-04  4.576762E+14  5.545645E-05  7.691785E-04  8.143893E+00  1.202852E+01  9.841051E-01  1.000504E+00  9.200000E-01
  1.150969E-01  7.674731E-02  7.510668E-04  4.636122E+14  5.764235E-05  7.798880E-04  8.167033E+00  1.206270E+01  1.006869E+00  1.024072E+00  9.400000E-01
  1.172245E-01  7.872762E-02  7.606950E-04  4.695554E+14  5.988771E-05  7.906388E-04  8.189412E+00  1.209576E+01  1.029695E+00  1.047729E+00  9.600000E-01
  1.193514E-01  8.073642E-02  7.703388E-04  4.755083E+14  6.219440E-05  8.014360E-04  8.211051E+00  1.212772E+01  1.052585E+00  1.071475E+00  9.800000E-01
  1.214776E-01  8.277466E-02  7.800020E-04  4.814731E+14  6.456440E-05  8.122842E-04  8.231968E+00  1.215861E+01  1.075539E+00  1.095312E+00  1.000000E+00
  1.236037E-01  8.484330E-02  7.896884E-04  4.874523E+14  6.699977E-05  8.231883E-04  8.252183E+00  1.218847E+01  1.098558E+00  1.119242E+00  1.020000E+00
  1.257297E-01  8.694336E-02  7.994020E-04  4.934482E+14  6.950270E-05  8.341533E-04  8.271712E+00  1.221731E+01  1.121642E+00  1.143266E+00  1.040000E+00
  1.278561E-01  8.907590E-02  8.091464E-04  4.994631E+14  7.207544E-05  8.451841E-04  8.290571E+00  1.224517E+01  1.144791E+00  1.167384E+00  1.060000E+00
  1.299831E-01  9.124201E-02  8.189255E-04  5.054995E+14  7.472041E-05  8.562857E-04  8.308775E+00  1.227206E+01  1.168007E+00  1.191598E+00  1.080000E+00
  1.321109E-01  9.344282E-02  8.287432E-04  5.115596E+14  7.744010E-05  8.674632E-04  8.326338E+00  1.229800E+01  1.191289E+00  1.215910E+00  1.100000E+00
  1.342399E-01  9.567953E-02  8.386032E-04  5.176460E+14  8.023716E-05  8.787218E-04  8.343272E+00  1.232301E+01  1.214639E+00  1.240321E+00  1.120000E+00
  1.363703E-01  9.795337E-02  8.485095E-04  5.237608E+14  8.311436E-05  8.900666E-04  8.359589E+00  1.234711E+01  1.238057E+00  1.264832E+00  1.140000E+00
  1.385025E-01  1.002656E-01  8.584659E-04  5.299067E+14  8.607464E-05  9.015033E-04  8.375301E+00  1.237031E+01  1.261544E+00  1.289445E+00  1.160000E+00
  1.406366E-01  1.026177E-01  8.684766E-04  5.360860E+14  8.912107E-05  9.130371E-04  8.390416E+00  1.239264E+01  1.285100E+00  1.314162E+00  1.180000E+00
  1.427731E-01  1.050109E-01  8.785455E-04  5.423012E+14  9.225690E-05  9.246740E-04  8.404946E+00  1.241410E+01  1.308727E+00  1.338985E+00  1.200000E+00
  1.449121E-01  1.074469E-01  8.886769E-04  5.485550E+14  9.548554E-05  9.364196E-04  8.418897E+00  1.243471E+01  1.332424E+00  1.363914E+00  1.220000E+00
  1.470540E-01  1.099270E-01  8.988748E-04  5.548499E+14  9.881062E-05  9.482801E-04  8.432278E+00  1.245447E+01  1.356192E+00  1.388952E+00  1.240000E+00
  1.491990E-01  1.124530E-01  9.091437E-04  5.611886E+14  1.022359E-04  9.602616E-04  8.445097E+00  1.247340E+01  1.380033E+00  1.414101E+00  1.260000E+00
  1.513475E-01  1.150266E-01  9.194880E-04  5.675738E+14  1.057655E-04  9.723707E-04  8.457358E+00  1.249151E+01  1.403947E+00  1.439363E+00  1.280000E+00
  1.534998E-01  1.176495E-01  9.299122E-04  5.740084E+14  1.094037E-04  9.846141E-04  8.469069E+00  1.250881E+01  1.427935E+00  1.464740E+00  1.300000E+00
  1.556561E-01  1.203236E-01  9.404212E-04  5.804953E+14  1.131549E-04  9.969986E-04  8.480233E+00  1.252530E+01  1.451997E+00  1.490233E+00  1.320000E+00
  1.578171E-01  1.223930E-01  9.562553E-04  5.902693E+14  1.170390E-04  1.015729E-03  8.490841E+00  1.254097E+01  1.476135E+00  1.515846E+00  1.340000E+00
  1.599894E-01  1.234745E-01  9.818295E-04  6.060555E+14  1.212309E-04  1.046080E-03  8.500562E+00  1.255533E+01  1.500350E+00  1.541598E+00  1.360000E+00
  1.621820E-01  1.246301E-01  1.009655E-03  6.232315E+14  1.258334E-04  1.079227E-03  8.508961E+00  1.256773E+01  1.524642E+00  1.567516E+00  1.380000E+00
  1.644027E-01  1.258725E-01  1.040153E-03  6.420570E+14  1.309267E-04  1.115703E-03  8.515677E+00  1.257765E+01  1.549014E+00  1.593624E+00  1.400000E+00
  1.666603E-01  1.272176E-01  1.073857E-03  6.628613E+14  1.366135E-04  1.156188E-03  8.520325E+00  1.258451E+01  1.573467E+00  1.619952E+00  1.420000E+00
  1.689657E-01  1.286859E-01  1.111469E-03  6.860781E+14  1.430303E-04  1.201580E-03  8.522439E+00  1.258764E+01  1.598004E+00  1.646537E+00  1.440000E+00
  1.713328E-01  1.303049E-01  1.153949E-03  7.123000E+14  1.503652E-04  1.253109E-03  8.521429E+00  1.258615E+01  1.622628E+00  1.673427E+00  1.460000E+00
  1.737804E-01  1.321134E-01  1.202666E-03  7.423716E+14  1.588882E-04  1.312537E-03  8.516496E+00  1.257886E+01  1.647342E+00  1.700685E+00  1.480000E+00
  1.763360E-01  1.341689E-01  1.259680E-03  7.775650E+14  1.690099E-04  1.382528E-03  8.506488E+00  1.256408E+01  1.672151E+00  1.728408E+00  1.500000E+00
  1.790426E-01  1.365634E-01  1.328337E-03  8.199447E+14  1.814022E-04  1.467422E-03  8.489602E+00  1.253914E+01  1.697060E+00  1.756744E+00  1.520000E+00
  1.819754E-01  1.394611E-01  1.414701E-03  8.732550E+14  1.972958E-04  1.575128E-03  8.462682E+00  1.249938E+01  1.722079E+00  1.785954E+00  1.540000E+00
  1.852937E-01  1.432145E-01  1.532029E-03  9.456780E+14  2.194088E-04  1.723012E-03  8.419065E+00  1.243495E+01  1.747221E+00  1.816585E+00  1.560000E+00
  1.895014E-01  1.489584E-01  1.723858E-03  1.064089E+15  2.567832E-04  1.968460E-03  8.337667E+00  1.231473E+01  1.772510E+00  1.850364E+00  1.580000E+00
  1.895014E-01  1.489584E-01  1.723858E-03  1.064089E+15  2.567832E-04  1.968460E-03  8.337667E+00  1.231473E+01  1.772510E+00  1.850364E+00  1.580000E+00
