  9.167115E-02  5.670071E-02  5.245615E-04  3.237969E+14  2.974301E-05  5.394330E-04  8.726846E+00  1.288955E+01  8.443277E-01  8.550700E-01  8.000000E-01
  9.361628E-02  5.825234E-02  5.316904E-04  3.281974E+14  3.097221E-05  5.471765E-04  8.759160E+00  1.293727E+01  8.664856E-01  8.778046E-01  8.200000E-01
  9.555773E-02  5.982009E-02  5.387976E-04  3.325845E+14  3.223092E-05  5.549131E-04  8.790498E+00  1.298356E+01  8.886965E-01  9.006107E-01  8.400000E-01
  9.749578E-02  6.140444E-02  5.458861E-04  3.369600E+14  3.351983E-05  5.626460E-04  8.820894E+00  1.302846E+01  9.109608E-01  9.234891E-01  8.600000E-01
  9.943071E-02  6.300592E-02  5.529589E-04  3.413258E+14  3.483968E-05  5.703787E-04  8.850384E+00  1.307201E+01  9.332786E-01  9.464404E-01  8.800000E-01
  1.013628E-01  6.462505E-02  5.600188E-04  3.456837E+14  3.619124E-05  5.781144E-04  8.878998E+00  1.311427E+01  9.556504E-01  9.694653E-01  9.000000E-01
  1.032923E-01  6.626235E-02  5.670686E-04  3.500353E+14  3.757530E-05  5.858562E-04  8.906764E+00  1.315529E+01  9.780765E-01  9.925644E-01  9.200000E-01
  1.052194E-01  6.791838E-02  5.741109E-04  3.543824E+14  3.899269E-05  5.936073E-04  8.933711E+00  1.319509E+01  1.000557E+00  1.015739E+00  9.400000E-01
  1.071445E-01  6.959370E-02  5.811485E-04  3.587265E+14  4.044427E-05  6.013706E-04  8.959864E+00  1.323371E+01  1.023093E+00  1.038988E+00  9.600000E-01
  1.090677E-01  7.128888E-02  5.881837E-04  3.630691E+14  4.193096E-05  6.091492E-04  8.985246E+00  1.327120E+01  1.045683E+00  1.062315E+00  9.800000E-01
  1.109893E-01  7.300450E-02  5.952192E-04  3.674119E+14  4.345368E-05  6.169461E-04  9.009881E+00  1.330759E+01  1.068330E+00  1.085719E+00  1.000000E+00
  1.129094E-01  7.474117E-02  6.022573E-04  3.717564E+14  4.501342E-05  6.247640E-04  9.033788E+00  1.334290E+01  1.091032E+00  1.109201E+00  1.020000E+00
  1.148285E-01  7.649953E-02  6.093005E-04  3.761039E+14  4.661120E-05  6.326061E-04  9.056988E+00  1.337717E+01  1.113791E+00  1.132762E+00  1.040000E+00
  1.167465E-01  7.828020E-02  6.163510E-04  3.804560E+14  4.824808E-05  6.404750E-04  9.079499E+00  1.341041E+01  1.136606E+00  1.156402E+00  1.060000E+00
  1.186639E-01  8.008385E-02  6.234112E-04  3.848141E+14  4.992517E-05  6.483738E-04  9.101338E+00  1.344267E+01  1.159479E+00  1.180124E+00  1.080000E+00
  1.205807E-01  8.191117E-02  6.304834E-04  3.891795E+14  5.164363E-05  6.563053E-04  9.122522E+00  1.347396E+01  1.182409E+00  1.203927E+00  1.100000E+00
  1.224972E-01  8.376285E-02  6.375700E-04  3.935539E+14  5.340468E-05  6.642723E-04  9.143065E+00  1.350430E+01  1.205397E+00  1.227814E+00  1.120000E+00
  1.244136E-01  8.563963E-02  6.446731E-04  3.979384E+14  5.520957E-05  6.722779E-04  9.162982E+00  1.353372E+01  1.228444E+00  1.251783E+00  1.140000E+00
  1.263302E-01  8.754227E-02  6.517950E-04  4.023346E+14  5.705961E-05  6.803248E-04  9.182287E+00  1.356223E+01  1.251549E+00  1.275838E+00  1.160000E+00
  1.282470E-01  8.947154E-02  6.589380E-04  4.067438E+14  5.895620E-05  6.884161E-04  9.200993E+00  1.358986E+01  1.274714E+00  1.299978E+00  1.180000E+00
  1.301644E-01  9.142825E-02  6.661045E-04  4.111674E+14  6.090076E-05  6.965548E-04  9.219109E+00  1.361662E+01  1.297939E+00  1.324206E+00  1.200000E+00
  1.320825E-01  9.341324E-02  6.732965E-04  4.156068E+14  6.289481E-05  7.047439E-04  9.236649E+00  1.364253E+01  1.321224E+00  1.348521E+00  1.220000E+00
  1.340016E-01  9.542739E-02  6.805165E-04  4.200635E+14  6.493992E-05  7.129865E-04  9.253622E+00  1.366759E+01  1.344570E+00  1.372926E+00  1.240000E+00
  1.359218E-01  9.747160E-02  6.877668E-04  4.245389E+14  6.703773E-05  7.212856E-04  9.270038E+00  1.369184E+01  1.367977E+00  1.397421E+00  1.260000E+00
  1.378433E-01  9.954681E-02  6.950496E-04  4.290344E+14  6.918997E-05  7.296446E-04  9.285906E+00  1.371528E+01  1.391445E+00  1.422007E+00  1.280000E+00
  1.397664E-01  1.016540E-01  7.023674E-04  4.335515E+14  7.139846E-05  7.380667E-04  9.301234E+00  1.373792E+01  1.414977E+00  1.446687E+00  1.300000E+00
  1.416913E-01  1.037942E-01  7.097226E-04  4.380916E+14  7.366508E-05  7.465551E-04  9.316030E+00  1.375977E+01  1.438571E+00  1.471461E+00  1.320000E+00
  1.436181E-01  1.059684E-01  7.171176E-04  4.426563E+14  7.599182E-05  7.551135E-04  9.330302E+00  1.378085E+01  1.462228E+00  1.496331E+00  1.340000E+00
  1.455471E-01  1.081778E-01  7.245548E-04  4.472471E+14  7.838077E-05  7.637452E-04  9.344055E+00  1.380116E+01  1.485950E+00  1.521298E+00  1.360000E+00
  1.474785E-01  1.104236E-01  7.320369E-04  4.518656E+14  8.083412E-05  7.724540E-04  9.357296E+00  1.382072E+01  1.509737E+00  1.546363E+00  1.380000E+00
  1.494125E-01  1.127068E-01  7.395664E-04  4.565134E+14  8.335417E-05  7.812435E-04  9.370031E+00  1.383953E+01  1.533588E+00  1.571529E+00  1.400000E+00
  1.513494E-01  1.150288E-01  7.471460E-04  4.611920E+14  8.594333E-05  7.901177E-04  9.382265E+00  1.385760E+01  1.557506E+00  1.596796E+00  1.420000E+00
  1.532893E-01  1.173910E-01  7.547784E-04  4.659033E+14  8.860417E-05  7.990805E-04  9.394002E+00  1.387494E+01  1.581490E+00  1.622167E+00  1.440000E+00
  1.552325E-01  1.197946E-01  7.624664E-04  4.706489E+14  9.133934E-05  8.081361E-04  9.405246E+00  1.389154E+01  1.605541E+00  1.647643E+00  1.460000E+00
  1.571792E-01  1.222411E-01  7.702129E-04  4.754306E+14  9.415169E-05  8.172887E-04  9.416002E+00  1.390743E+01  1.629661E+00  1.673226E+00  1.480000E+00
  1.591297E-01  1.247321E-01  7.780209E-04  4.802502E+14  9.704417E-05  8.265429E-04  9.426271E+00  1.392260E+01  1.653849E+00  1.698917E+00  1.500000E+00
  1.610842E-01  1.272691E-01  7.858934E-04  4.851097E+14  1.000199E-04  8.359033E-04  9.436058E+00  1.393705E+01  1.678106E+00  1.724720E+00  1.520000E+00
  1.630430E-01  1.298538E-01  7.938336E-04  4.900110E+14  1.030823E-04  8.453747E-04  9.445363E+00  1.395080E+01  1.702434E+00  1.750635E+00  1.540000E+00
  1.650062E-01  1.324880E-01  8.018448E-04  4.949561E+14  1.062348E-04  8.549622E-04  9.454189E+00  1.396383E+01  1.726832E+00  1.776664E+00  1.560000E+00
  1.669742E-01  1.351734E-01  8.099305E-04  4.999471E+14  1.094811E-04  8.646711E-04  9.462538E+00  1.397616E+01  1.751302E+00  1.802811E+00  1.580000E+00
  1.689473E-01  1.379121E-01  8.180942E-04  5.049863E+14  1.128251E-04  8.745068E-04  9.470409E+00  1.398779E+01  1.775845E+00  1.829077E+00  1.600000E+00
  1.709257E-01  1.407061E-01  8.263396E-04  5.100760E+14  1.162710E-04  8.844751E-04  9.477803E+00  1.399871E+01  1.800461E+00  1.855464E+00  1.620000E+00
  1.729097E-01  1.435575E-01  8.346705E-04  5.152185E+14  1.198232E-04  8.945822E-04  9.484721E+00  1.400893E+01  1.825151E+00  1.881975E+00  1.640000E+00
  1.748996E-01  1.464687E-01  8.430911E-04  5.204162E+14  1.234864E-04  9.048343E-04  9.491161E+00  1.401844E+01  1.849916E+00  1.908613E+00  1.660000E+00
  1.768957E-01  1.494420E-01  8.516055E-04  5.256719E+14  1.272656E-04  9.152383E-04  9.497122E+00  1.402724E+01  1.874757E+00  1.935379E+00  1.680000E+00
  1.788984E-01  1.524800E-01  8.602181E-04  5.309882E+14  1.311661E-04  9.258011E-04  9.502602E+00  1.403534E+01  1.899676E+00  1.962278E+00  1.700000E+00
  1.809079E-01  1.555854E-01  8.689336E-04  5.363681E+14  1.351934E-04  9.365303E-04  9.507600E+00  1.404272E+01  1.924672E+00  1.989312E+00  1.720000E+00
  1.829247E-01  1.587611E-01  8.777569E-04  5.418144E+14  1.393537E-04  9.474337E-04  9.512113E+00  1.404939E+01  1.949747E+00  2.016483E+00  1.740000E+00
  1.849490E-01  1.620102E-01  8.866931E-04  5.473305E+14  1.436533E-04  9.585197E-04  9.516137E+00  1.405533E+01  1.974902E+00  2.043796E+00  1.760000E+00
  1.869813E-01  1.653358E-01  8.957475E-04  5.529196E+14  1.480992E-04  9.697971E-04  9.519668E+00  1.406054E+01  2.000139E+00  2.071253E+00  1.780000E+00
  1.890220E-01  1.687415E-01  9.049261E-04  5.585852E+14  1.526986E-04  9.812754E-04  9.522702E+00  1.406502E+01  2.025457E+00  2.098858E+00  1.800000E+00
  1.910714E-01  1.722309E-01  9.142347E-04  5.643311E+14  1.574595E-04  9.929644E-04  9.525233E+00  1.406876E+01  2.050859E+00  2.126615E+00  1.820000E+00
  1.931301E-01  1.758080E-01  9.236798E-04  5.701613E+14  1.623903E-04  1.004875E-03  9.527256E+00  1.407175E+01  2.076346E+00  2.154528E+00  1.840000E+00
  1.951985E-01  1.794769E-01  9.332682E-04  5.760800E+14  1.675001E-04  1.017018E-03  9.528763E+00  1.407398E+01  2.101918E+00  2.182600E+00  1.860000E+00
  1.972770E-01  1.832423E-01  9.430071E-04  5.820915E+14  1.727988E-04  1.029407E-03  9.529749E+00  1.407543E+01  2.127578E+00  2.210837E+00  1.880000E+00
  1.993662E-01  1.871088E-01  9.529043E-04  5.882008E+14  1.782968E-04  1.042053E-03  9.530203E+00  1.407610E+01  2.153326E+00  2.239242E+00  1.900000E+00
  2.014666E-01  1.910819E-01  9.629680E-04  5.944128E+14  1.840057E-04  1.054971E-03  9.530117E+00  1.407598E+01  2.179163E+00  2.267822E+00  1.920000E+00
  2.035788E-01  1.951669E-01  9.732070E-04  6.007331E+14  1.899378E-04  1.068176E-03  9.529481E+00  1.407504E+01  2.205093E+00  2.296580E+00  1.940000E+00
  2.057034E-01  1.993700E-01  9.836307E-04  6.071673E+14  1.961065E-04  1.081684E-03  9.528283E+00  1.407327E+01  2.231114E+00  2.325522E+00  1.960000E+00
  2.078411E-01  2.036978E-01  9.942492E-04  6.137219E+14  2.025263E-04  1.095512E-03  9.526511E+00  1.407065E+01  2.257231E+00  2.354655E+00  1.980000E+00
  2.099925E-01  2.081572E-01  1.005074E-03  6.204034E+14  2.092133E-04  1.109680E-03  9.524151E+00  1.406717E+01  2.283443E+00  2.383985E+00  2.000000E+00
