  8.222607E-02  4.942630E-02  3.787504E-04  2.337919E+14  1.872023E-05  3.881106E-04  9.729275E+00  1.437013E+01  8.394072E-01  8.487433E-01  8.000000E-01
  8.395642E-02  5.072774E-02  3.837044E-04  2.368499E+14  1.946446E-05  3.934367E-04  9.766972E+00  1.442581E+01  8.613097E-01  8.711367E-01  8.200000E-01
  8.568269E-02  5.203979E-02  3.886350E-04  2.398933E+14  2.022448E-05  3.987472E-04  9.803614E+00  1.447993E+01  8.832578E-01  8.935905E-01  8.400000E-01
  8.740510E-02  5.336278E-02  3.935440E-04  2.429236E+14  2.100061E-05  4.040443E-04  9.839243E+00  1.453256E+01  9.052517E-01  9.161052E-01  8.600000E-01
  8.912390E-02  5.469704E-02  3.984336E-04  2.459418E+14  2.179314E-05  4.093302E-04  9.873895E+00  1.458374E+01  9.272914E-01  9.386812E-01  8.800000E-01
  9.083930E-02  5.604288E-02  4.033056E-04  2.489491E+14  2.260241E-05  4.146068E-04  9.907607E+00  1.463353E+01  9.493772E-01  9.613190E-01  9.000000E-01
  9.255151E-02  5.740063E-02  4.081619E-04  2.519467E+14  2.342875E-05  4.198762E-04  9.940410E+00  1.468198E+01  9.715094E-01  9.840189E-01  9.200000E-01
  9.426076E-02  5.877064E-02  4.130040E-04  2.549357E+14  2.427251E-05  4.251403E-04  9.972336E+00  1.472914E+01  9.936880E-01  1.006781E+00  9.400000E-01
  9.596723E-02  6.015323E-02  4.178338E-04  2.579169E+14  2.513405E-05  4.304008E-04  1.000341E+01  1.477504E+01  1.015913E+00  1.029607E+00  9.600000E-01
  9.767112E-02  6.154875E-02  4.226527E-04  2.608915E+14  2.601375E-05  4.356596E-04  1.003367E+01  1.481973E+01  1.038186E+00  1.052497E+00  9.800000E-01
  9.937261E-02  6.295754E-02  4.274625E-04  2.638604E+14  2.691199E-05  4.409184E-04  1.006313E+01  1.486324E+01  1.060505E+00  1.075450E+00  1.000000E+00
  1.010719E-01  6.437998E-02  4.322644E-04  2.668246E+14  2.782917E-05  4.461790E-04  1.009183E+01  1.490562E+01  1.082872E+00  1.098468E+00  1.020000E+00
  1.027691E-01  6.581640E-02  4.370601E-04  2.697848E+14  2.876572E-05  4.514430E-04  1.011977E+01  1.494689E+01  1.105287E+00  1.121552E+00  1.040000E+00
  1.044645E-01  6.726720E-02  4.418509E-04  2.727420E+14  2.972207E-05  4.567120E-04  1.014698E+01  1.498709E+01  1.127749E+00  1.144701E+00  1.060000E+00
  1.061582E-01  6.873274E-02  4.466382E-04  2.756971E+14  3.069867E-05  4.619876E-04  1.017349E+01  1.502624E+01  1.150260E+00  1.167916E+00  1.080000E+00
  1.078504E-01  7.021340E-02  4.514234E-04  2.786509E+14  3.169597E-05  4.672714E-04  1.019931E+01  1.506438E+01  1.172819E+00  1.191199E+00  1.100000E+00
  1.095412E-01  7.170959E-02  4.562078E-04  2.816041E+14  3.271447E-05  4.725650E-04  1.022446E+01  1.510153E+01  1.195427E+00  1.214549E+00  1.120000E+00
  1.112308E-01  7.322171E-02  4.609927E-04  2.845577E+14  3.375467E-05  4.778700E-04  1.024896E+01  1.513771E+01  1.218083E+00  1.237967E+00  1.140000E+00
  1.129193E-01  7.475016E-02  4.657793E-04  2.875123E+14  3.481708E-05  4.831878E-04  1.027282E+01  1.517295E+01  1.240789E+00  1.261454E+00  1.160000E+00
  1.146070E-01  7.629538E-02  4.705689E-04  2.904688E+14  3.590223E-05  4.885200E-04  1.029606E+01  1.520727E+01  1.263545E+00  1.285011E+00  1.180000E+00
  1.162938E-01  7.785781E-02  4.753628E-04  2.934280E+14  3.701070E-05  4.938681E-04  1.031869E+01  1.524070E+01  1.286351E+00  1.308637E+00  1.200000E+00
  1.179801E-01  7.943788E-02  4.801621E-04  2.963905E+14  3.814306E-05  4.992337E-04  1.034073E+01  1.527325E+01  1.309206E+00  1.332335E+00  1.220000E+00
  1.196659E-01  8.103606E-02  4.849682E-04  2.993571E+14  3.929991E-05  5.046181E-04  1.036218E+01  1.530494E+01  1.332112E+00  1.356104E+00  1.240000E+00
  1.213514E-01  8.265283E-02  4.897821E-04  3.023286E+14  4.048188E-05  5.100231E-04  1.038307E+01  1.533578E+01  1.355069E+00  1.379946E+00  1.260000E+00
  1.230368E-01  8.428866E-02  4.946052E-04  3.053058E+14  4.168961E-05  5.154500E-04  1.040339E+01  1.536581E+01  1.378077E+00  1.403860E+00  1.280000E+00
  1.247221E-01  8.594407E-02  4.994385E-04  3.082892E+14  4.292378E-05  5.209004E-04  1.042318E+01  1.539502E+01  1.401137E+00  1.427849E+00  1.300000E+00
  1.264075E-01  8.761956E-02  5.042834E-04  3.112798E+14  4.418509E-05  5.263759E-04  1.044242E+01  1.542345E+01  1.424248E+00  1.451912E+00  1.320000E+00
  1.280932E-01  8.931568E-02  5.091408E-04  3.142782E+14  4.547426E-05  5.318780E-04  1.046114E+01  1.545109E+01  1.447412E+00  1.476051E+00  1.340000E+00
  1.297792E-01  9.103297E-02  5.140122E-04  3.172852E+14  4.679206E-05  5.374082E-04  1.047934E+01  1.547797E+01  1.470628E+00  1.500266E+00  1.360000E+00
  1.314658E-01  9.277200E-02  5.188986E-04  3.203014E+14  4.813926E-05  5.429683E-04  1.049702E+01  1.550410E+01  1.493897E+00  1.524558E+00  1.380000E+00
  1.331531E-01  9.453335E-02  5.238013E-04  3.233277E+14  4.951670E-05  5.485597E-04  1.051421E+01  1.552949E+01  1.517220E+00  1.548928E+00  1.400000E+00
  1.348412E-01  9.631764E-02  5.287215E-04  3.263648E+14  5.092521E-05  5.541841E-04  1.053091E+01  1.555414E+01  1.540596E+00  1.573378E+00  1.420000E+00
  1.365302E-01  9.812548E-02  5.336604E-04  3.294134E+14  5.236568E-05  5.598433E-04  1.054712E+01  1.557808E+01  1.564026E+00  1.597907E+00  1.440000E+00
  1.382204E-01  9.995754E-02  5.386192E-04  3.324744E+14  5.383905E-05  5.655388E-04  1.056284E+01  1.560131E+01  1.587511E+00  1.622518E+00  1.460000E+00
  1.399117E-01  1.018145E-01  5.435992E-04  3.355484E+14  5.534627E-05  5.712724E-04  1.057810E+01  1.562385E+01  1.611051E+00  1.647210E+00  1.480000E+00
  1.416045E-01  1.036970E-01  5.486017E-04  3.386363E+14  5.688835E-05  5.770459E-04  1.059289E+01  1.564569E+01  1.634646E+00  1.671986E+00  1.500000E+00
  1.432987E-01  1.056058E-01  5.536279E-04  3.417388E+14  5.846632E-05  5.828611E-04  1.060721E+01  1.566685E+01  1.658297E+00  1.696845E+00  1.520000E+00
  1.449946E-01  1.075417E-01  5.586792E-04  3.448568E+14  6.008129E-05  5.887198E-04  1.062108E+01  1.568733E+01  1.682004E+00  1.721790E+00  1.540000E+00
  1.466923E-01  1.095054E-01  5.637568E-04  3.479911E+14  6.173439E-05  5.946240E-04  1.063450E+01  1.570715E+01  1.705768E+00  1.746821E+00  1.560000E+00
  1.483920E-01  1.114977E-01  5.688621E-04  3.511424E+14  6.342681E-05  6.005755E-04  1.064747E+01  1.572631E+01  1.729589E+00  1.771940E+00  1.580000E+00
  1.500938E-01  1.135195E-01  5.739966E-04  3.543118E+14  6.515979E-05  6.065765E-04  1.066000E+01  1.574481E+01  1.753468E+00  1.797147E+00  1.600000E+00
  1.517978E-01  1.155716E-01  5.791615E-04  3.575000E+14  6.693464E-05  6.126288E-04  1.067209E+01  1.576267E+01  1.777405E+00  1.822444E+00  1.620000E+00
  1.535043E-01  1.176550E-01  5.843584E-04  3.607079E+14  6.875271E-05  6.187348E-04  1.068374E+01  1.577988E+01  1.801400E+00  1.847833E+00  1.640000E+00
  1.552133E-01  1.197706E-01  5.895888E-04  3.639365E+14  7.061542E-05  6.248965E-04  1.069496E+01  1.579645E+01  1.825455E+00  1.873314E+00  1.660000E+00
  1.569250E-01  1.219194E-01  5.948541E-04  3.671866E+14  7.252426E-05  6.311163E-04  1.070575E+01  1.581239E+01  1.849570E+00  1.898890E+00  1.680000E+00
  1.586396E-01  1.241024E-01  6.001560E-04  3.704593E+14  7.448079E-05  6.373964E-04  1.071611E+01  1.582769E+01  1.873745E+00  1.924560E+00  1.700000E+00
  1.603573E-01  1.263207E-01  6.054960E-04  3.737555E+14  7.648665E-05  6.437393E-04  1.072605E+01  1.584237E+01  1.897980E+00  1.950328E+00  1.720000E+00
  1.620782E-01  1.285753E-01  6.108758E-04  3.770763E+14  7.854355E-05  6.501475E-04  1.073556E+01  1.585642E+01  1.922277E+00  1.976194E+00  1.740000E+00
  1.638024E-01  1.308676E-01  6.162970E-04  3.804227E+14  8.065329E-05  6.566237E-04  1.074465E+01  1.586985E+01  1.946636E+00  2.002160E+00  1.760000E+00
  1.655302E-01  1.331986E-01  6.217616E-04  3.837958E+14  8.281775E-05  6.631704E-04  1.075332E+01  1.588265E+01  1.971058E+00  2.028227E+00  1.780000E+00
  1.672618E-01  1.355696E-01  6.272712E-04  3.871967E+14  8.503893E-05  6.697906E-04  1.076157E+01  1.589484E+01  1.995543E+00  2.054398E+00  1.800000E+00
  1.689973E-01  1.379821E-01  6.328277E-04  3.906266E+14  8.731891E-05  6.764872E-04  1.076940E+01  1.590640E+01  2.020092E+00  2.080674E+00  1.820000E+00
  1.707369E-01  1.404374E-01  6.384332E-04  3.940867E+14  8.965990E-05  6.832632E-04  1.077681E+01  1.591735E+01  2.044705E+00  2.107057E+00  1.840000E+00
  1.724809E-01  1.429369E-01  6.440896E-04  3.975783E+14  9.206420E-05  6.901217E-04  1.078381E+01  1.592767E+01  2.069384E+00  2.133549E+00  1.860000E+00
  1.742293E-01  1.454823E-01  6.497991E-04  4.011026E+14  9.453425E-05  6.970663E-04  1.079038E+01  1.593738E+01  2.094128E+00  2.160151E+00  1.880000E+00
  1.759825E-01  1.480750E-01  6.555639E-04  4.046610E+14  9.707264E-05  7.041002E-04  1.079653E+01  1.594647E+01  2.118939E+00  2.186866E+00  1.900000E+00
  1.777406E-01  1.507169E-01  6.613861E-04  4.082549E+14  9.968207E-05  7.112272E-04  1.080226E+01  1.595493E+01  2.143818E+00  2.213697E+00  1.920000E+00
  1.795039E-01  1.534097E-01  6.672683E-04  4.118858E+14  1.023654E-04  7.184510E-04  1.080756E+01  1.596277E+01  2.168764E+00  2.240644E+00  1.940000E+00
  1.812726E-01  1.561553E-01  6.732129E-04  4.155552E+14  1.051257E-04  7.257757E-04  1.081245E+01  1.596998E+01  2.193779E+00  2.267710E+00  1.960000E+00
  1.830469E-01  1.589556E-01  6.792224E-04  4.192647E+14  1.079662E-04  7.332055E-04  1.081690E+01  1.597655E+01  2.218864E+00  2.294899E+00  1.980000E+00
  1.848271E-01  1.618128E-01  6.852997E-04  4.230161E+14  1.108903E-04  7.407448E-04  1.082092E+01  1.598250E+01  2.244019E+00  2.322211E+00  2.000000E+00
