  9.117584E-02  5.579942E-02  4.587585E-04  2.831786E+14  2.559846E-05  4.689979E-04  8.774254E+00  1.295957E+01  8.450826E-01  8.533706E-01  8.000000E-01
  9.300507E-02  5.722631E-02  4.634155E-04  2.860533E+14  2.651956E-05  4.740233E-04  8.816724E+00  1.302230E+01  8.672254E-01  8.759434E-01  8.200000E-01
  9.482776E-02  5.866376E-02  4.680370E-04  2.889060E+14  2.745681E-05  4.790198E-04  8.858166E+00  1.308351E+01  8.894180E-01  8.985787E-01  8.400000E-01
  9.664421E-02  6.011209E-02  4.726254E-04  2.917382E+14  2.841050E-05  4.839896E-04  8.898619E+00  1.314326E+01  9.116605E-01  9.212767E-01  8.600000E-01
  9.845469E-02  6.157166E-02  4.771826E-04  2.945513E+14  2.938093E-05  4.889350E-04  8.938121E+00  1.320160E+01  9.339530E-01  9.440380E-01  8.800000E-01
  1.002595E-01  6.304280E-02  4.817109E-04  2.973465E+14  3.036841E-05  4.938583E-04  8.976707E+00  1.325859E+01  9.562958E-01  9.668628E-01  9.000000E-01
  1.020588E-01  6.452586E-02  4.862121E-04  3.001250E+14  3.137326E-05  4.987614E-04  9.014409E+00  1.331428E+01  9.786890E-01  9.897516E-01  9.200000E-01
  1.038530E-01  6.602118E-02  4.906882E-04  3.028879E+14  3.239581E-05  5.036465E-04  9.051257E+00  1.336870E+01  1.001133E+00  1.012705E+00  9.400000E-01
  1.056422E-01  6.752910E-02  4.951407E-04  3.056363E+14  3.343641E-05  5.085153E-04  9.087281E+00  1.342191E+01  1.023627E+00  1.035723E+00  9.600000E-01
  1.074266E-01  6.904999E-02  4.995716E-04  3.083714E+14  3.449541E-05  5.133697E-04  9.122508E+00  1.347394E+01  1.046173E+00  1.058806E+00  9.800000E-01
  1.092065E-01  7.058420E-02  5.039823E-04  3.110940E+14  3.557318E-05  5.182115E-04  9.156963E+00  1.352483E+01  1.068770E+00  1.081955E+00  1.000000E+00
  1.109821E-01  7.213208E-02  5.083744E-04  3.138051E+14  3.667010E-05  5.230424E-04  9.190670E+00  1.357462E+01  1.091418E+00  1.105169E+00  1.020000E+00
  1.127536E-01  7.369401E-02  5.127494E-04  3.165057E+14  3.778656E-05  5.278640E-04  9.223652E+00  1.362333E+01  1.114118E+00  1.128451E+00  1.040000E+00
  1.145212E-01  7.527037E-02  5.171088E-04  3.191966E+14  3.892297E-05  5.326779E-04  9.255931E+00  1.367100E+01  1.136870E+00  1.151799E+00  1.060000E+00
  1.162850E-01  7.686152E-02  5.214538E-04  3.218787E+14  4.007973E-05  5.374857E-04  9.287526E+00  1.371767E+01  1.159674E+00  1.175215E+00  1.080000E+00
  1.180453E-01  7.846786E-02  5.257860E-04  3.245528E+14  4.125730E-05  5.422889E-04  9.318456E+00  1.376335E+01  1.182531E+00  1.198699E+00  1.100000E+00
  1.198022E-01  8.008977E-02  5.301065E-04  3.272197E+14  4.245611E-05  5.470889E-04  9.348740E+00  1.380808E+01  1.205440E+00  1.222252E+00  1.120000E+00
  1.215560E-01  8.172767E-02  5.344166E-04  3.298802E+14  4.367662E-05  5.518872E-04  9.378396E+00  1.385189E+01  1.228402E+00  1.245874E+00  1.140000E+00
  1.233067E-01  8.338195E-02  5.387175E-04  3.325350E+14  4.491932E-05  5.566852E-04  9.407438E+00  1.389478E+01  1.251417E+00  1.269565E+00  1.160000E+00
  1.250545E-01  8.505304E-02  5.430105E-04  3.351850E+14  4.618469E-05  5.614844E-04  9.435883E+00  1.393679E+01  1.274486E+00  1.293327E+00  1.180000E+00
  1.267997E-01  8.674136E-02  5.472966E-04  3.378307E+14  4.747326E-05  5.662859E-04  9.463745E+00  1.397795E+01  1.297609E+00  1.317160E+00  1.200000E+00
  1.285423E-01  8.844736E-02  5.515771E-04  3.404729E+14  4.878554E-05  5.710913E-04  9.491039E+00  1.401826E+01  1.320785E+00  1.341064E+00  1.220000E+00
  1.302825E-01  9.017148E-02  5.558530E-04  3.431123E+14  5.012209E-05  5.759018E-04  9.517777E+00  1.405775E+01  1.344017E+00  1.365040E+00  1.240000E+00
  1.320205E-01  9.191418E-02  5.601254E-04  3.457495E+14  5.148347E-05  5.807188E-04  9.543971E+00  1.409644E+01  1.367302E+00  1.389089E+00  1.260000E+00
  1.337564E-01  9.367593E-02  5.643954E-04  3.483853E+14  5.287027E-05  5.855435E-04  9.569635E+00  1.413435E+01  1.390643E+00  1.413212E+00  1.280000E+00
  1.354904E-01  9.545722E-02  5.686641E-04  3.510202E+14  5.428309E-05  5.903773E-04  9.594778E+00  1.417148E+01  1.414039E+00  1.437408E+00  1.300000E+00
  1.372225E-01  9.725854E-02  5.729324E-04  3.536549E+14  5.572257E-05  5.952214E-04  9.619413E+00  1.420787E+01  1.437491E+00  1.461679E+00  1.320000E+00
  1.389530E-01  9.908040E-02  5.772014E-04  3.562901E+14  5.718935E-05  6.000771E-04  9.643548E+00  1.424351E+01  1.460999E+00  1.486026E+00  1.340000E+00
  1.406820E-01  1.009233E-01  5.814721E-04  3.589263E+14  5.868410E-05  6.049458E-04  9.667194E+00  1.427844E+01  1.484563E+00  1.510448E+00  1.360000E+00
  1.424096E-01  1.027879E-01  5.857456E-04  3.615641E+14  6.020754E-05  6.098286E-04  9.690360E+00  1.431266E+01  1.508184E+00  1.534948E+00  1.380000E+00
  1.441359E-01  1.046746E-01  5.900227E-04  3.642043E+14  6.176037E-05  6.147269E-04  9.713055E+00  1.434618E+01  1.531863E+00  1.559526E+00  1.400000E+00
  1.458611E-01  1.065840E-01  5.943046E-04  3.668474E+14  6.334336E-05  6.196419E-04  9.735287E+00  1.437901E+01  1.555598E+00  1.584181E+00  1.420000E+00
  1.475854E-01  1.085168E-01  5.985921E-04  3.694939E+14  6.495728E-05  6.245750E-04  9.757064E+00  1.441118E+01  1.579392E+00  1.608917E+00  1.440000E+00
  1.493088E-01  1.104735E-01  6.028863E-04  3.721446E+14  6.660294E-05  6.295275E-04  9.778394E+00  1.444268E+01  1.603243E+00  1.633732E+00  1.460000E+00
  1.510314E-01  1.124547E-01  6.071882E-04  3.748001E+14  6.828117E-05  6.345007E-04  9.799284E+00  1.447354E+01  1.627154E+00  1.658628E+00  1.480000E+00
  1.527535E-01  1.144612E-01  6.114987E-04  3.774608E+14  6.999285E-05  6.394958E-04  9.819740E+00  1.450375E+01  1.651123E+00  1.683607E+00  1.500000E+00
  1.544752E-01  1.164935E-01  6.158188E-04  3.801275E+14  7.173889E-05  6.445144E-04  9.839769E+00  1.453333E+01  1.675152E+00  1.708667E+00  1.520000E+00
  1.561965E-01  1.185524E-01  6.201495E-04  3.828007E+14  7.352021E-05  6.495576E-04  9.859377E+00  1.456229E+01  1.699241E+00  1.733812E+00  1.540000E+00
  1.579176E-01  1.206386E-01  6.244918E-04  3.854811E+14  7.533781E-05  6.546270E-04  9.878570E+00  1.459064E+01  1.723390E+00  1.759042E+00  1.560000E+00
  1.596386E-01  1.227528E-01  6.288468E-04  3.881693E+14  7.719270E-05  6.597238E-04  9.897354E+00  1.461839E+01  1.747601E+00  1.784356E+00  1.580000E+00
  1.613597E-01  1.248958E-01  6.332153E-04  3.908658E+14  7.908592E-05  6.648497E-04  9.915733E+00  1.464553E+01  1.771872E+00  1.809758E+00  1.600000E+00
  1.630810E-01  1.270684E-01  6.375984E-04  3.935714E+14  8.101859E-05  6.700059E-04  9.933712E+00  1.467209E+01  1.796205E+00  1.835247E+00  1.620000E+00
  1.648026E-01  1.292713E-01  6.419972E-04  3.962867E+14  8.299183E-05  6.751940E-04  9.951297E+00  1.469806E+01  1.820601E+00  1.860826E+00  1.640000E+00
  1.665247E-01  1.315055E-01  6.464127E-04  3.990122E+14  8.500686E-05  6.804155E-04  9.968490E+00  1.472345E+01  1.845059E+00  1.886494E+00  1.660000E+00
  1.682474E-01  1.337719E-01  6.508460E-04  4.017488E+14  8.706491E-05  6.856720E-04  9.985297E+00  1.474828E+01  1.869580E+00  1.912253E+00  1.680000E+00
  1.699707E-01  1.360713E-01  6.552981E-04  4.044969E+14  8.916727E-05  6.909650E-04  1.000172E+01  1.477254E+01  1.894165E+00  1.938104E+00  1.700000E+00
  1.716950E-01  1.384047E-01  6.597701E-04  4.072574E+14  9.131529E-05  6.962962E-04  1.001777E+01  1.479623E+01  1.918815E+00  1.964048E+00  1.720000E+00
  1.734202E-01  1.407731E-01  6.642631E-04  4.100308E+14  9.351038E-05  7.016673E-04  1.003343E+01  1.481938E+01  1.943529E+00  1.990087E+00  1.740000E+00
  1.751465E-01  1.431775E-01  6.687783E-04  4.128179E+14  9.575402E-05  7.070799E-04  1.004873E+01  1.484197E+01  1.968309E+00  2.016222E+00  1.760000E+00
  1.768741E-01  1.456190E-01  6.733169E-04  4.156194E+14  9.804773E-05  7.125360E-04  1.006365E+01  1.486401E+01  1.993154E+00  2.042455E+00  1.780000E+00
  1.786031E-01  1.480987E-01  6.778799E-04  4.184360E+14  1.003931E-04  7.180372E-04  1.007821E+01  1.488551E+01  2.018066E+00  2.068785E+00  1.800000E+00
  1.803337E-01  1.506177E-01  6.824687E-04  4.212686E+14  1.027919E-04  7.235854E-04  1.009240E+01  1.490647E+01  2.043046E+00  2.095216E+00  1.820000E+00
  1.820659E-01  1.531773E-01  6.870844E-04  4.241177E+14  1.052458E-04  7.291827E-04  1.010623E+01  1.492689E+01  2.068093E+00  2.121748E+00  1.840000E+00
  1.838000E-01  1.557788E-01  6.917284E-04  4.269843E+14  1.077566E-04  7.348310E-04  1.011969E+01  1.494678E+01  2.093208E+00  2.148384E+00  1.860000E+00
  1.855361E-01  1.584233E-01  6.964019E-04  4.298691E+14  1.103263E-04  7.405324E-04  1.013280E+01  1.496614E+01  2.118392E+00  2.175123E+00  1.880000E+00
  1.872743E-01  1.611124E-01  7.011063E-04  4.327730E+14  1.129569E-04  7.462890E-04  1.014555E+01  1.498497E+01  2.143647E+00  2.201969E+00  1.900000E+00
  1.890148E-01  1.638474E-01  7.058429E-04  4.356968E+14  1.156505E-04  7.521031E-04  1.015793E+01  1.500326E+01  2.168971E+00  2.228922E+00  1.920000E+00
  1.907578E-01  1.666298E-01  7.106133E-04  4.386415E+14  1.184094E-04  7.579771E-04  1.016997E+01  1.502103E+01  2.194366E+00  2.255985E+00  1.940000E+00
  1.925033E-01  1.694612E-01  7.154189E-04  4.416078E+14  1.212358E-04  7.639132E-04  1.018164E+01  1.503828E+01  2.219833E+00  2.283159E+00  1.960000E+00
  1.942517E-01  1.723433E-01  7.202612E-04  4.445968E+14  1.241322E-04  7.699141E-04  1.019296E+01  1.505500E+01  2.245373E+00  2.310446E+00  1.980000E+00
  1.960030E-01  1.752777E-01  7.251418E-04  4.476095E+14  1.271012E-04  7.759823E-04  1.020392E+01  1.507119E+01  2.270986E+00  2.337848E+00  2.000000E+00
