  8.810901E-02  5.390750E-02  4.658477E-04  2.875546E+14  2.511269E-05  4.784041E-04  9.079662E+00  1.341066E+01  8.424618E-01  8.526635E-01  8.000000E-01
  8.997260E-02  5.536111E-02  4.720868E-04  2.914058E+14  2.613525E-05  4.851544E-04  9.113885E+00  1.346120E+01  8.645224E-01  8.752674E-01  8.200000E-01
  9.183233E-02  5.682857E-02  4.783026E-04  2.952426E+14  2.718125E-05  4.918932E-04  9.147105E+00  1.351027E+01  8.866330E-01  8.979384E-01  8.400000E-01
  9.368845E-02  5.831028E-02  4.844980E-04  2.990669E+14  2.825121E-05  4.986236E-04  9.179360E+00  1.355791E+01  9.087941E-01  9.206773E-01  8.600000E-01
  9.554123E-02  5.980668E-02  4.906754E-04  3.028800E+14  2.934566E-05  5.053482E-04  9.210683E+00  1.360417E+01  9.310058E-01  9.434845E-01  8.800000E-01
  9.739091E-02  6.131821E-02  4.968372E-04  3.066835E+14  3.046517E-05  5.120698E-04  9.241109E+00  1.364911E+01  9.532684E-01  9.663606E-01  9.000000E-01
  9.923773E-02  6.284531E-02  5.029859E-04  3.104789E+14  3.161030E-05  5.187911E-04  9.270667E+00  1.369277E+01  9.755821E-01  9.893063E-01  9.200000E-01
  1.010819E-01  6.438843E-02  5.091237E-04  3.142676E+14  3.278168E-05  5.255145E-04  9.299386E+00  1.373519E+01  9.979473E-01  1.012322E+00  9.400000E-01
  1.029237E-01  6.594804E-02  5.152528E-04  3.180509E+14  3.397991E-05  5.322427E-04  9.327293E+00  1.377641E+01  1.020364E+00  1.035409E+00  9.600000E-01
  1.047634E-01  6.752460E-02  5.213753E-04  3.218302E+14  3.520566E-05  5.389781E-04  9.354413E+00  1.381646E+01  1.042833E+00  1.058567E+00  9.800000E-01
  1.066011E-01  6.911861E-02  5.274933E-04  3.256066E+14  3.645960E-05  5.457231E-04  9.380770E+00  1.385539E+01  1.065354E+00  1.081797E+00  1.000000E+00
  1.084370E-01  7.073056E-02  5.336088E-04  3.293816E+14  3.774245E-05  5.524800E-04  9.406385E+00  1.389323E+01  1.087928E+00  1.105100E+00  1.020000E+00
  1.102714E-01  7.236096E-02  5.397238E-04  3.331562E+14  3.905493E-05  5.592513E-04  9.431279E+00  1.392999E+01  1.110555E+00  1.128476E+00  1.040000E+00
  1.121044E-01  7.401032E-02  5.458402E-04  3.369317E+14  4.039781E-05  5.660391E-04  9.455472E+00  1.396573E+01  1.133235E+00  1.151927E+00  1.060000E+00
  1.139363E-01  7.567918E-02  5.519600E-04  3.407093E+14  4.177188E-05  5.728460E-04  9.478983E+00  1.400045E+01  1.155969E+00  1.175453E+00  1.080000E+00
  1.157672E-01  7.736810E-02  5.580850E-04  3.444901E+14  4.317798E-05  5.796740E-04  9.501827E+00  1.403419E+01  1.178757E+00  1.199055E+00  1.100000E+00
  1.175974E-01  7.907764E-02  5.642171E-04  3.482752E+14  4.461696E-05  5.865256E-04  9.524023E+00  1.406698E+01  1.201599E+00  1.222733E+00  1.120000E+00
  1.194270E-01  8.080838E-02  5.703581E-04  3.520659E+14  4.608971E-05  5.934029E-04  9.545584E+00  1.409882E+01  1.224496E+00  1.246489E+00  1.140000E+00
  1.212561E-01  8.256092E-02  5.765098E-04  3.558631E+14  4.759718E-05  6.003084E-04  9.566525E+00  1.412975E+01  1.247447E+00  1.270324E+00  1.160000E+00
  1.230851E-01  8.433590E-02  5.826740E-04  3.596681E+14  4.914034E-05  6.072442E-04  9.586861E+00  1.415979E+01  1.270455E+00  1.294237E+00  1.180000E+00
  1.249141E-01  8.613394E-02  5.888526E-04  3.634820E+14  5.072019E-05  6.142126E-04  9.606603E+00  1.418895E+01  1.293518E+00  1.318231E+00  1.200000E+00
  1.267432E-01  8.795571E-02  5.950472E-04  3.673058E+14  5.233780E-05  6.212161E-04  9.625764E+00  1.421725E+01  1.316638E+00  1.342306E+00  1.220000E+00
  1.285726E-01  8.980189E-02  6.012598E-04  3.711406E+14  5.399427E-05  6.282569E-04  9.644355E+00  1.424471E+01  1.339814E+00  1.366463E+00  1.240000E+00
  1.304026E-01  9.167320E-02  6.074921E-04  3.749876E+14  5.569074E-05  6.353374E-04  9.662386E+00  1.427134E+01  1.363047E+00  1.390703E+00  1.260000E+00
  1.322332E-01  9.357036E-02  6.137458E-04  3.788479E+14  5.742842E-05  6.424601E-04  9.679868E+00  1.429716E+01  1.386339E+00  1.415028E+00  1.280000E+00
  1.340647E-01  9.549414E-02  6.200230E-04  3.827226E+14  5.920856E-05  6.496272E-04  9.696810E+00  1.432218E+01  1.409688E+00  1.439437E+00  1.300000E+00
  1.358973E-01  9.744532E-02  6.263252E-04  3.866128E+14  6.103247E-05  6.568415E-04  9.713220E+00  1.434642E+01  1.433095E+00  1.463933E+00  1.320000E+00
  1.377310E-01  9.942473E-02  6.326545E-04  3.905197E+14  6.290151E-05  6.641053E-04  9.729107E+00  1.436989E+01  1.456562E+00  1.488516E+00  1.340000E+00
  1.395662E-01  1.014332E-01  6.390127E-04  3.944444E+14  6.481711E-05  6.714213E-04  9.744479E+00  1.439259E+01  1.480088E+00  1.513189E+00  1.360000E+00
  1.414030E-01  1.034716E-01  6.454017E-04  3.983881E+14  6.678077E-05  6.787921E-04  9.759342E+00  1.441454E+01  1.503674E+00  1.537951E+00  1.380000E+00
  1.432415E-01  1.055410E-01  6.518233E-04  4.023521E+14  6.879406E-05  6.862204E-04  9.773704E+00  1.443575E+01  1.527321E+00  1.562804E+00  1.400000E+00
  1.450820E-01  1.076421E-01  6.582797E-04  4.063374E+14  7.085860E-05  6.937090E-04  9.787569E+00  1.445623E+01  1.551028E+00  1.587749E+00  1.420000E+00
  1.469246E-01  1.097760E-01  6.647727E-04  4.103453E+14  7.297611E-05  7.012608E-04  9.800945E+00  1.447599E+01  1.574798E+00  1.612788E+00  1.440000E+00
  1.487696E-01  1.119438E-01  6.713044E-04  4.143772E+14  7.514840E-05  7.088787E-04  9.813836E+00  1.449503E+01  1.598629E+00  1.637923E+00  1.460000E+00
  1.506170E-01  1.141466E-01  6.778770E-04  4.184342E+14  7.737735E-05  7.165657E-04  9.826247E+00  1.451336E+01  1.622523E+00  1.663154E+00  1.480000E+00
  1.524672E-01  1.163854E-01  6.844925E-04  4.225178E+14  7.966493E-05  7.243249E-04  9.838183E+00  1.453099E+01  1.646481E+00  1.688483E+00  1.500000E+00
  1.543203E-01  1.186615E-01  6.911531E-04  4.266292E+14  8.201323E-05  7.321597E-04  9.849647E+00  1.454792E+01  1.670502E+00  1.713912E+00  1.520000E+00
  1.561764E-01  1.209760E-01  6.978611E-04  4.307698E+14  8.442442E-05  7.400733E-04  9.860642E+00  1.456416E+01  1.694588E+00  1.739442E+00  1.540000E+00
  1.580359E-01  1.233302E-01  7.046188E-04  4.349412E+14  8.690081E-05  7.480692E-04  9.871173E+00  1.457972E+01  1.718739E+00  1.765075E+00  1.560000E+00
  1.598990E-01  1.257256E-01  7.114286E-04  4.391447E+14  8.944481E-05  7.561510E-04  9.881241E+00  1.459459E+01  1.742956E+00  1.790812E+00  1.580000E+00
  1.617657E-01  1.281635E-01  7.182930E-04  4.433819E+14  9.205895E-05  7.643225E-04  9.890848E+00  1.460878E+01  1.767239E+00  1.816656E+00  1.600000E+00
  1.636364E-01  1.306454E-01  7.252145E-04  4.476543E+14  9.474593E-05  7.725874E-04  9.899998E+00  1.462229E+01  1.791590E+00  1.842608E+00  1.620000E+00
  1.655113E-01  1.331728E-01  7.321957E-04  4.519637E+14  9.750856E-05  7.809500E-04  9.908690E+00  1.463513E+01  1.816008E+00  1.868670E+00  1.640000E+00
  1.673906E-01  1.357474E-01  7.392395E-04  4.563116E+14  1.003498E-04  7.894144E-04  9.916927E+00  1.464730E+01  1.840495E+00  1.894845E+00  1.660000E+00
  1.692745E-01  1.383708E-01  7.463486E-04  4.606998E+14  1.032729E-04  7.979850E-04  9.924708E+00  1.465879E+01  1.865051E+00  1.921133E+00  1.680000E+00
  1.711633E-01  1.410450E-01  7.535260E-04  4.651302E+14  1.062810E-04  8.066665E-04  9.932035E+00  1.466961E+01  1.889678E+00  1.947538E+00  1.700000E+00
  1.730573E-01  1.437717E-01  7.607747E-04  4.696047E+14  1.093779E-04  8.154637E-04  9.938906E+00  1.467976E+01  1.914375E+00  1.974061E+00  1.720000E+00
  1.749566E-01  1.465529E-01  7.680981E-04  4.741251E+14  1.125670E-04  8.243816E-04  9.945321E+00  1.468923E+01  1.939144E+00  2.000705E+00  1.740000E+00
  1.768617E-01  1.492122E-01  7.764329E-04  4.792700E+14  1.158532E-04  8.345681E-04  9.951279E+00  1.469803E+01  1.963986E+00  2.027473E+00  1.760000E+00
  1.787759E-01  1.503206E-01  7.938653E-04  4.900305E+14  1.193343E-04  8.559457E-04  9.956601E+00  1.470589E+01  1.988901E+00  2.054378E+00  1.780000E+00
  1.807068E-01  1.514963E-01  8.126386E-04  5.016188E+14  1.231117E-04  8.790533E-04  9.960889E+00  1.471223E+01  2.013891E+00  2.081450E+00  1.800000E+00
  1.826607E-01  1.527505E-01  8.329894E-04  5.141807E+14  1.272395E-04  9.042015E-04  9.963831E+00  1.471657E+01  2.038957E+00  2.108717E+00  1.820000E+00
  1.846443E-01  1.540966E-01  8.552063E-04  5.278946E+14  1.317844E-04  9.317714E-04  9.965108E+00  1.471846E+01  2.064101E+00  2.136208E+00  1.840000E+00
  1.866655E-01  1.555514E-01  8.796582E-04  5.429880E+14  1.368321E-04  9.622518E-04  9.964350E+00  1.471734E+01  2.089325E+00  2.163957E+00  1.860000E+00
  1.887341E-01  1.571370E-01  9.068323E-04  5.597619E+14  1.424969E-04  9.962908E-04  9.961102E+00  1.471254E+01  2.114631E+00  2.192010E+00  1.880000E+00
  1.908633E-01  1.588829E-01  9.373965E-04  5.786283E+14  1.489362E-04  1.034780E-03  9.954770E+00  1.470319E+01  2.140022E+00  2.220426E+00  1.900000E+00
  1.908633E-01  1.588829E-01  9.373965E-04  5.786283E+14  1.489362E-04  1.034780E-03  9.954770E+00  1.470319E+01  2.140022E+00  2.220426E+00  1.900000E+00
