  9.365672E-02  5.828480E-02  5.593302E-04  3.452586E+14  3.260045E-05  5.756304E-04  8.541833E+00  1.261628E+01  8.453731E-01  8.564223E-01  8.000000E-01
  9.564759E-02  5.989312E-02  5.669948E-04  3.499898E+14  3.395908E-05  5.839743E-04  8.573138E+00  1.266252E+01  8.675858E-01  8.792309E-01  8.200000E-01
  9.763491E-02  6.151893E-02  5.746388E-04  3.547083E+14  3.535117E-05  5.923144E-04  8.603480E+00  1.270734E+01  8.898532E-01  9.021136E-01  8.400000E-01
  9.961896E-02  6.316279E-02  5.822658E-04  3.594161E+14  3.677753E-05  6.006545E-04  8.632895E+00  1.275078E+01  9.121757E-01  9.250711E-01  8.600000E-01
  1.016000E-01  6.482527E-02  5.898787E-04  3.641154E+14  3.823905E-05  6.089983E-04  8.661414E+00  1.279290E+01  9.345534E-01  9.481041E-01  8.800000E-01
  1.035784E-01  6.650693E-02  5.974809E-04  3.688080E+14  3.973662E-05  6.173492E-04  8.689068E+00  1.283375E+01  9.569868E-01  9.712133E-01  9.000000E-01
  1.055544E-01  6.820837E-02  6.050753E-04  3.734958E+14  4.127120E-05  6.257109E-04  8.715885E+00  1.287336E+01  9.794763E-01  9.943996E-01  9.200000E-01
  1.075282E-01  6.993020E-02  6.126649E-04  3.781806E+14  4.284378E-05  6.340868E-04  8.741892E+00  1.291177E+01  1.002022E+00  1.017664E+00  9.400000E-01
  1.095001E-01  7.167304E-02  6.202525E-04  3.828642E+14  4.445538E-05  6.424801E-04  8.767114E+00  1.294902E+01  1.024625E+00  1.041007E+00  9.600000E-01
  1.114704E-01  7.343752E-02  6.278409E-04  3.875484E+14  4.610708E-05  6.508944E-04  8.791574E+00  1.298515E+01  1.047284E+00  1.064429E+00  9.800000E-01
  1.134392E-01  7.522431E-02  6.354329E-04  3.922347E+14  4.780000E-05  6.593329E-04  8.815293E+00  1.302018E+01  1.070001E+00  1.087931E+00  1.000000E+00
  1.154069E-01  7.703408E-02  6.430312E-04  3.969249E+14  4.953531E-05  6.677988E-04  8.838292E+00  1.305415E+01  1.092777E+00  1.111515E+00  1.020000E+00
  1.173737E-01  7.886752E-02  6.506384E-04  4.016206E+14  5.131424E-05  6.762955E-04  8.860590E+00  1.308709E+01  1.115610E+00  1.135182E+00  1.040000E+00
  1.193397E-01  8.072537E-02  6.582572E-04  4.063235E+14  5.313806E-05  6.848262E-04  8.882205E+00  1.311901E+01  1.138502E+00  1.158931E+00  1.060000E+00
  1.213053E-01  8.260837E-02  6.658902E-04  4.110351E+14  5.500810E-05  6.933942E-04  8.903153E+00  1.314995E+01  1.161453E+00  1.182764E+00  1.080000E+00
  1.232707E-01  8.451728E-02  6.735399E-04  4.157571E+14  5.692576E-05  7.020028E-04  8.923450E+00  1.317993E+01  1.184464E+00  1.206683E+00  1.100000E+00
  1.252361E-01  8.645290E-02  6.812090E-04  4.204910E+14  5.889250E-05  7.106553E-04  8.943111E+00  1.320897E+01  1.207535E+00  1.230688E+00  1.120000E+00
  1.272016E-01  8.841607E-02  6.889000E-04  4.252384E+14  6.090983E-05  7.193549E-04  8.962149E+00  1.323709E+01  1.230667E+00  1.254781E+00  1.140000E+00
  1.291676E-01  9.040762E-02  6.966155E-04  4.300010E+14  6.297935E-05  7.281051E-04  8.980578E+00  1.326431E+01  1.253860E+00  1.278961E+00  1.160000E+00
  1.311343E-01  9.242846E-02  7.043580E-04  4.347802E+14  6.510272E-05  7.369094E-04  8.998409E+00  1.329065E+01  1.277114E+00  1.303232E+00  1.180000E+00
  1.331018E-01  9.447950E-02  7.121302E-04  4.395778E+14  6.728170E-05  7.457710E-04  9.015654E+00  1.331612E+01  1.300431E+00  1.327594E+00  1.200000E+00
  1.350705E-01  9.656171E-02  7.199346E-04  4.443952E+14  6.951811E-05  7.546937E-04  9.032323E+00  1.334074E+01  1.323810E+00  1.352047E+00  1.220000E+00
  1.370404E-01  9.867607E-02  7.277740E-04  4.492342E+14  7.181387E-05  7.636809E-04  9.048426E+00  1.336452E+01  1.347252E+00  1.376594E+00  1.240000E+00
  1.390119E-01  1.008236E-01  7.356509E-04  4.540964E+14  7.417099E-05  7.727364E-04  9.063971E+00  1.338748E+01  1.370758E+00  1.401236E+00  1.260000E+00
  1.409852E-01  1.030055E-01  7.435681E-04  4.589835E+14  7.659157E-05  7.818638E-04  9.078968E+00  1.340963E+01  1.394328E+00  1.425974E+00  1.280000E+00
  1.429604E-01  1.052227E-01  7.515283E-04  4.638971E+14  7.907784E-05  7.910672E-04  9.093425E+00  1.343098E+01  1.417963E+00  1.450810E+00  1.300000E+00
  1.449379E-01  1.074765E-01  7.595343E-04  4.688390E+14  8.163211E-05  8.003504E-04  9.107348E+00  1.345155E+01  1.441663E+00  1.475745E+00  1.320000E+00
  1.469178E-01  1.097682E-01  7.675890E-04  4.738109E+14  8.425683E-05  8.097175E-04  9.120743E+00  1.347133E+01  1.465430E+00  1.500780E+00  1.340000E+00
  1.489005E-01  1.119295E-01  7.768768E-04  4.795440E+14  8.695544E-05  8.205525E-04  9.133618E+00  1.349035E+01  1.489264E+00  1.525918E+00  1.360000E+00
  1.508892E-01  1.128391E-01  7.959720E-04  4.913309E+14  8.981679E-05  8.428933E-04  9.145784E+00  1.350832E+01  1.513165E+00  1.551168E+00  1.380000E+00
  1.528912E-01  1.138032E-01  8.165484E-04  5.040322E+14  9.292582E-05  8.670444E-04  9.156836E+00  1.352464E+01  1.537134E+00  1.576552E+00  1.400000E+00
  1.549124E-01  1.148299E-01  8.388485E-04  5.177974E+14  9.632487E-05  8.933072E-04  9.166470E+00  1.353887E+01  1.561173E+00  1.602087E+00  1.420000E+00
  1.569588E-01  1.159289E-01  8.631651E-04  5.328073E+14  1.000658E-04  9.220484E-04  9.174385E+00  1.355056E+01  1.585283E+00  1.627794E+00  1.440000E+00
  1.590372E-01  1.171122E-01  8.898668E-04  5.492896E+14  1.042142E-04  9.537306E-04  9.180244E+00  1.355921E+01  1.609465E+00  1.653696E+00  1.460000E+00
  1.611560E-01  1.183950E-01  9.194299E-04  5.675380E+14  1.088559E-04  9.889537E-04  9.183645E+00  1.356424E+01  1.633722E+00  1.679822E+00  1.480000E+00
  1.633260E-01  1.197972E-01  9.524882E-04  5.879440E+14  1.141055E-04  1.028519E-03  9.184088E+00  1.356489E+01  1.658056E+00  1.706208E+00  1.500000E+00
  1.655609E-01  1.213462E-01  9.899149E-04  6.110464E+14  1.201224E-04  1.073533E-03  9.180913E+00  1.356020E+01  1.682469E+00  1.732905E+00  1.520000E+00
  1.678802E-01  1.230804E-01  1.032966E-03  6.376207E+14  1.271379E-04  1.125595E-03  9.173210E+00  1.354883E+01  1.706966E+00  1.759980E+00  1.540000E+00
  1.703124E-01  1.250577E-01  1.083555E-03  6.688479E+14  1.355069E-04  1.187148E-03  9.159641E+00  1.352878E+01  1.731550E+00  1.787534E+00  1.560000E+00
  1.729030E-01  1.273722E-01  1.144837E-03  7.066751E+14  1.458203E-04  1.262237E-03  9.138073E+00  1.349693E+01  1.756228E+00  1.815727E+00  1.580000E+00
  1.757341E-01  1.301958E-01  1.222677E-03  7.547237E+14  1.591874E-04  1.358417E-03  9.104666E+00  1.344759E+01  1.781008E+00  1.844849E+00  1.600000E+00
  1.789873E-01  1.339157E-01  1.330502E-03  8.212809E+14  1.781751E-04  1.493061E-03  9.050919E+00  1.336820E+01  1.805904E+00  1.875535E+00  1.620000E+00
  1.833221E-01  1.399585E-01  1.518866E-03  9.375529E+14  2.125782E-04  1.731974E-03  8.946004E+00  1.321324E+01  1.830943E+00  1.910082E+00  1.640000E+00
