  1.003541E-01  6.312036E-02  6.113894E-04  3.773933E+14  3.859112E-05  6.268258E-04  7.971773E+00  1.177430E+01  8.500928E-01  8.594976E-01  8.000000E-01
  1.023800E-01  6.479233E-02  6.178165E-04  3.813606E+14  4.002977E-05  6.338284E-04  8.009375E+00  1.182984E+01  8.724918E-01  8.823938E-01  8.200000E-01
  1.043994E-01  6.647993E-02  6.242037E-04  3.853032E+14  4.149701E-05  6.408025E-04  8.046022E+00  1.188397E+01  8.949479E-01  9.053626E-01  8.400000E-01
  1.064126E-01  6.818366E-02  6.305539E-04  3.892230E+14  4.299347E-05  6.477513E-04  8.081750E+00  1.193674E+01  9.174613E-01  9.284045E-01  8.600000E-01
  1.084199E-01  6.990403E-02  6.368703E-04  3.931219E+14  4.451980E-05  6.546782E-04  8.116592E+00  1.198820E+01  9.400322E-01  9.515200E-01  8.800000E-01
  1.104216E-01  7.164155E-02  6.431556E-04  3.970017E+14  4.607666E-05  6.615863E-04  8.150580E+00  1.203840E+01  9.626610E-01  9.747097E-01  9.000000E-01
  1.124180E-01  7.339674E-02  6.494127E-04  4.008641E+14  4.766477E-05  6.684786E-04  8.183744E+00  1.208738E+01  9.853479E-01  9.979743E-01  9.200000E-01
  1.144094E-01  7.517013E-02  6.556442E-04  4.047106E+14  4.928486E-05  6.753581E-04  8.216110E+00  1.213519E+01  1.008093E+00  1.021314E+00  9.400000E-01
  1.163960E-01  7.696227E-02  6.618525E-04  4.085428E+14  5.093767E-05  6.822276E-04  8.247705E+00  1.218186E+01  1.030897E+00  1.044730E+00  9.600000E-01
  1.183782E-01  7.877370E-02  6.680402E-04  4.123623E+14  5.262400E-05  6.890898E-04  8.278554E+00  1.222742E+01  1.053760E+00  1.068223E+00  9.800000E-01
  1.203561E-01  8.060499E-02  6.742095E-04  4.161704E+14  5.434465E-05  6.959473E-04  8.308678E+00  1.227191E+01  1.076683E+00  1.091793E+00  1.000000E+00
  1.223300E-01  8.245671E-02  6.803627E-04  4.199686E+14  5.610047E-05  7.028029E-04  8.338099E+00  1.231537E+01  1.099665E+00  1.115441E+00  1.020000E+00
  1.243002E-01  8.432946E-02  6.865020E-04  4.237582E+14  5.789234E-05  7.096589E-04  8.366838E+00  1.235782E+01  1.122708E+00  1.139168E+00  1.040000E+00
  1.262669E-01  8.622383E-02  6.926296E-04  4.275406E+14  5.972117E-05  7.165180E-04  8.394914E+00  1.239928E+01  1.145810E+00  1.162975E+00  1.060000E+00
  1.282303E-01  8.814046E-02  6.987474E-04  4.313170E+14  6.158792E-05  7.233826E-04  8.422344E+00  1.243980E+01  1.168974E+00  1.186862E+00  1.080000E+00
  1.301907E-01  9.007997E-02  7.048576E-04  4.350886E+14  6.349355E-05  7.302550E-04  8.449146E+00  1.247938E+01  1.192199E+00  1.210829E+00  1.100000E+00
  1.321482E-01  9.204302E-02  7.109621E-04  4.388567E+14  6.543909E-05  7.371377E-04  8.475335E+00  1.251806E+01  1.215485E+00  1.234879E+00  1.120000E+00
  1.341030E-01  9.403028E-02  7.170628E-04  4.426225E+14  6.742561E-05  7.440330E-04  8.500927E+00  1.255586E+01  1.238833E+00  1.259012E+00  1.140000E+00
  1.360555E-01  9.604245E-02  7.231616E-04  4.463872E+14  6.945422E-05  7.509433E-04  8.525935E+00  1.259280E+01  1.262244E+00  1.283227E+00  1.160000E+00
  1.380057E-01  9.808024E-02  7.292605E-04  4.501518E+14  7.152605E-05  7.578709E-04  8.550374E+00  1.262890E+01  1.285718E+00  1.307528E+00  1.180000E+00
  1.399538E-01  1.001444E-01  7.353613E-04  4.539177E+14  7.364231E-05  7.648182E-04  8.574256E+00  1.266417E+01  1.309255E+00  1.331914E+00  1.200000E+00
  1.419002E-01  1.022357E-01  7.414657E-04  4.576857E+14  7.580424E-05  7.717874E-04  8.597593E+00  1.269864E+01  1.332855E+00  1.356386E+00  1.220000E+00
  1.438449E-01  1.043548E-01  7.475756E-04  4.614572E+14  7.801314E-05  7.787809E-04  8.620397E+00  1.273232E+01  1.356520E+00  1.380945E+00  1.240000E+00
  1.457882E-01  1.065027E-01  7.536929E-04  4.652332E+14  8.027036E-05  7.858010E-04  8.642678E+00  1.276523E+01  1.380250E+00  1.405593E+00  1.260000E+00
  1.477302E-01  1.086802E-01  7.598192E-04  4.690148E+14  8.257730E-05  7.928501E-04  8.664445E+00  1.279738E+01  1.404045E+00  1.430330E+00  1.280000E+00
  1.496711E-01  1.108881E-01  7.659564E-04  4.728031E+14  8.493543E-05  7.999305E-04  8.685710E+00  1.282879E+01  1.427905E+00  1.455157E+00  1.300000E+00
  1.516112E-01  1.131273E-01  7.721062E-04  4.765992E+14  8.734627E-05  8.070447E-04  8.706481E+00  1.285947E+01  1.451831E+00  1.480075E+00  1.320000E+00
  1.535510E-01  1.145593E-01  7.841410E-04  4.840280E+14  8.983065E-05  8.210087E-04  8.726740E+00  1.288939E+01  1.475825E+00  1.505088E+00  1.340000E+00
  1.554953E-01  1.153975E-01  8.014787E-04  4.947301E+14  9.248862E-05  8.411770E-04  8.746245E+00  1.291820E+01  1.499885E+00  1.530207E+00  1.360000E+00
  1.574488E-01  1.162821E-01  8.200523E-04  5.061950E+14  9.535739E-05  8.628468E-04  8.764753E+00  1.294554E+01  1.524014E+00  1.555447E+00  1.380000E+00
  1.594157E-01  1.172190E-01  8.400345E-04  5.185295E+14  9.846798E-05  8.862329E-04  8.782073E+00  1.297112E+01  1.548212E+00  1.580822E+00  1.400000E+00
  1.614002E-01  1.182151E-01  8.616320E-04  5.318610E+14  1.018579E-04  9.115930E-04  8.798006E+00  1.299465E+01  1.572480E+00  1.606345E+00  1.420000E+00
  1.634073E-01  1.192786E-01  8.850983E-04  5.463461E+14  1.055733E-04  9.392441E-04  8.812338E+00  1.301582E+01  1.596820E+00  1.632034E+00  1.440000E+00
  1.654425E-01  1.204200E-01  9.107501E-04  5.621802E+14  1.096725E-04  9.695836E-04  8.824817E+00  1.303425E+01  1.621232E+00  1.657907E+00  1.460000E+00
  1.675129E-01  1.216520E-01  9.389918E-04  5.796130E+14  1.142303E-04  1.003120E-03  8.835142E+00  1.304950E+01  1.645720E+00  1.683990E+00  1.480000E+00
  1.696269E-01  1.229915E-01  9.703520E-04  5.989708E+14  1.193451E-04  1.040522E-03  8.842937E+00  1.306101E+01  1.670285E+00  1.710314E+00  1.500000E+00
  1.717957E-01  1.244607E-01  1.005542E-03  6.206927E+14  1.251504E-04  1.082688E-03  8.847717E+00  1.306807E+01  1.694930E+00  1.736918E+00  1.520000E+00
  1.740344E-01  1.260901E-01  1.045555E-03  6.453916E+14  1.318341E-04  1.130882E-03  8.848826E+00  1.306971E+01  1.719658E+00  1.763858E+00  1.540000E+00
  1.763641E-01  1.279240E-01  1.091843E-03  6.739635E+14  1.396728E-04  1.186954E-03  8.845337E+00  1.306456E+01  1.744472E+00  1.791211E+00  1.560000E+00
  1.788169E-01  1.300301E-01  1.146664E-03  7.078029E+14  1.491007E-04  1.253796E-03  8.835854E+00  1.305055E+01  1.769378E+00  1.819093E+00  1.580000E+00
  1.814457E-01  1.325221E-01  1.213862E-03  7.492828E+14  1.608636E-04  1.336348E-03  8.818067E+00  1.302428E+01  1.794382E+00  1.847696E+00  1.600000E+00
  1.843507E-01  1.356188E-01  1.300962E-03  8.030472E+14  1.764349E-04  1.444323E-03  8.787598E+00  1.297928E+01  1.819495E+00  1.877383E+00  1.620000E+00
  1.877780E-01  1.398647E-01  1.427020E-03  8.808592E+14  1.995898E-04  1.602449E-03  8.733718E+00  1.289970E+01  1.844733E+00  1.909039E+00  1.640000E+00
  1.930957E-01  1.483445E-01  1.702633E-03  1.050987E+15  2.525764E-04  1.955259E-03  8.596774E+00  1.269743E+01  1.870136E+00  1.947557E+00  1.660000E+00
